
2,0.20799999999999996,0.7782258064516129,19390.0,1,1,Blood,NGHS,0,CV,0,57472
3,0.20799999999999996,0.7741935483870968,21500.0,1,1,Blood,NGHS,0,CV,0,57473
1,0.20400000000000007,0.782258064516129,26547.0,1,1,Blood,NGHS,0,CV,0,57471
4,0.20799999999999996,0.782258064516129,21586.0,1,1,Blood,NGHS,0,CV,0,57474
0,0.20599999999999996,0.7741935483870968,28412.0,1,1,Blood,NGHS,0,CV,0,57470
5,0.20999999999999985,0.782258064516129,21836.0,1,1,Blood,NGHS,0,CV,0,57475
6,0.21199999999999997,0.7741935483870968,22479.0,1,1,Blood,NGHS,0,CV,0,57476
7,0.20799999999999996,0.7741935483870968,19422.0,1,1,Blood,NGHS,0,CV,0,57477
9,0.19999999999999996,0.7862903225806451,19203.0,1,1,Blood,NGHS,0,CV,0,57479
10,0.20599999999999996,0.7701612903225806,19430.0,1,1,Blood,NGHS,0,CV,0,57480
11,0.21399999999999986,0.7782258064516129,19250.0,1,1,Blood,NGHS,0,CV,0,57481
14,0.20799999999999996,0.782258064516129,18781.0,1,1,Blood,NGHS,0,CV,0,57484
12,0.20799999999999996,0.7782258064516129,19799.0,1,1,Blood,NGHS,0,CV,0,57482
15,0.20399999999999996,0.7862903225806451,19421.0,1,1,Blood,NGHS,0,CV,0,57485
16,0.20999999999999985,0.7782258064516129,19494.0,1,1,Blood,NGHS,0,CV,0,57486
13,0.21199999999999986,0.7862903225806451,21485.0,1,1,Blood,NGHS,0,CV,0,57483
19,0.19999999999999996,0.7661290322580645,20154.0,1,1,Blood,NGHS,0,CV,0,57489
18,0.20599999999999985,0.7903225806451613,20859.0,1,1,Blood,NGHS,0,CV,0,57488
8,0.20200000000000007,0.7903225806451613,27266.0,1,1,Blood,NGHS,0,CV,0,57478
23,0.20799999999999985,0.7701612903225806,18727.0,1,1,Blood,NGHS,0,CV,0,57493
21,0.20799999999999996,0.7903225806451613,21558.0,1,1,Blood,NGHS,0,CV,0,57491
25,0.20999999999999974,0.782258064516129,19156.0,1,1,Blood,NGHS,0,CV,0,57495
23,0.20799999999999985,0.7701612903225806,20895.0,1,1,Blood,NGHS,0,CV,0,57493
28,0.21199999999999997,0.7782258064516129,19344.0,1,1,Blood,NGHS,0,CV,0,57498
29,0.20599999999999996,0.7782258064516129,19578.0,1,1,Blood,NGHS,0,CV,0,57499
30,0.20600000000000007,0.7580645161290323,19570.0,1,1,Blood,NGHS,0,CV,0,57500
29,0.20599999999999996,0.7782258064516129,19824.0,1,1,Blood,NGHS,0,CV,0,57499
34,0.20799999999999996,0.7782258064516129,19406.0,1,1,Blood,NGHS,0,CV,0,57504
17,0.20399999999999996,0.7782258064516129,25828.0,1,1,Blood,NGHS,0,CV,0,57487
24,0.20799999999999985,0.782258064516129,21760.0,1,1,Blood,NGHS,0,CV,0,57494
26,0.20799999999999996,0.7701612903225806,21246.0,1,1,Blood,NGHS,0,CV,0,57496
32,0.21199999999999997,0.7862903225806451,20111.0,1,1,Blood,NGHS,0,CV,0,57502
27,0.21199999999999997,0.782258064516129,21258.0,1,1,Blood,NGHS,0,CV,0,57497
20,0.20199999999999996,0.7741935483870968,25954.0,1,1,Blood,NGHS,0,CV,0,57490
31,0.20999999999999996,0.7903225806451613,22546.0,1,1,Blood,NGHS,0,CV,0,57501
22,0.21199999999999997,0.7782258064516129,28648.0,1,1,Blood,NGHS,0,CV,0,57492
33,0.20800000000000002,0.7903225806451613,32242.0,1,1,Blood,NGHS,0,CV,0,57503