
0,6.391779595533363,74.60807896611821,6263.0,1,1,Cpu,NGHS,3,CV,0,63000
3,5.252147489624671,214.60987304514384,6225.0,1,1,Cpu,NGHS,3,CV,0,63003
5,7.608544945384861,130.28707926936673,6295.0,1,1,Cpu,NGHS,3,CV,0,63005
1,5.771505088430125,103.34520483122478,8140.0,1,1,Cpu,NGHS,3,CV,0,63001
2,5.204541288104862,177.54711647126732,6911.0,1,1,Cpu,NGHS,3,CV,0,63002
5,7.608544945384861,130.28707926936673,6901.0,1,1,Cpu,NGHS,3,CV,0,63005
4,6.712566753340598,101.23892360800428,8156.0,1,1,Cpu,NGHS,3,CV,0,63004
6,6.579967336607122,73.56687967900572,7155.0,1,1,Cpu,NGHS,3,CV,0,63006
9,5.406653590118699,107.06826259394951,6259.0,1,1,Cpu,NGHS,3,CV,0,63009
8,7.128854653292367,117.35338012687713,8016.0,1,1,Cpu,NGHS,3,CV,0,63008
7,4.9461092848137875,182.7752104465513,8156.0,1,1,Cpu,NGHS,3,CV,0,63007
12,4.5775224681930435,229.02811487407436,6270.0,1,1,Cpu,NGHS,3,CV,0,63012
9,5.406653590118699,107.06826259394951,8453.0,1,1,Cpu,NGHS,3,CV,0,63009
14,6.415469736532094,191.93215552289578,6227.0,1,1,Cpu,NGHS,3,CV,0,63014
15,4.869198381341402,104.37067477169532,6334.0,1,1,Cpu,NGHS,3,CV,0,63015
11,6.216301685221049,172.94265277089121,8491.0,1,1,Cpu,NGHS,3,CV,0,63011
10,5.920141623205576,204.61409039171858,8750.0,1,1,Cpu,NGHS,3,CV,0,63010
17,5.818318323791232,177.2099736137542,6949.0,1,1,Cpu,NGHS,3,CV,0,63017
18,5.05058651279414,173.7189283315472,6923.0,1,1,Cpu,NGHS,3,CV,0,63018
16,7.336405406788626,136.8943424191833,8110.0,1,1,Cpu,NGHS,3,CV,0,63016
19,4.81287563998276,248.83798022331294,7148.0,1,1,Cpu,NGHS,3,CV,0,63019
20,6.507397117579812,141.4537889445516,6242.0,1,1,Cpu,NGHS,3,CV,0,63020
18,5.05058651279414,173.7189283315472,8422.0,1,1,Cpu,NGHS,3,CV,0,63018
24,4.998909278516706,195.88296465967323,6259.0,1,1,Cpu,NGHS,3,CV,0,63024
26,6.6710660279058445,132.9596174363394,6256.0,1,1,Cpu,NGHS,3,CV,0,63026
21,5.6201392449566825,165.95280247059142,8172.0,1,1,Cpu,NGHS,3,CV,0,63021
22,5.98793943964103,76.97633691180121,8172.0,1,1,Cpu,NGHS,3,CV,0,63022
27,6.606636154758428,137.5066452450004,6311.0,1,1,Cpu,NGHS,3,CV,0,63027
25,4.980045661130186,108.61250338340578,8438.0,1,1,Cpu,NGHS,3,CV,0,63025
30,5.62258902957426,148.18295998794912,6941.0,1,1,Cpu,NGHS,3,CV,0,63030
31,6.075155244556478,149.69375727313346,6906.0,1,1,Cpu,NGHS,3,CV,0,63031
29,6.731777278155957,252.83352037973745,8234.0,1,1,Cpu,NGHS,3,CV,0,63029
28,5.1412742314505655,112.83405047556735,8556.0,1,1,Cpu,NGHS,3,CV,0,63028
34,5.360237447751973,102.67836081661497,6233.0,1,1,Cpu,NGHS,3,CV,0,63034
32,7.215853657482697,331.2449784478198,8094.0,1,1,Cpu,NGHS,3,CV,0,63032
33,5.337273301109966,196.380924007102,7168.0,1,1,Cpu,NGHS,3,CV,0,63033
13,5.665387328028353,242.823633345027,6353.0,1,1,Cpu,NGHS,3,CV,0,63013
23,6.510383433894042,158.01682493141956,6230.0,1,1,Cpu,NGHS,3,CV,0,63023