
6,0.06565212636528917,0.8914858096828047,246239.0,1,1,Optdigits,NGHS,8,CV,0,69901
8,0.06434595983760061,0.889259877573734,247080.0,1,1,Optdigits,NGHS,8,CV,0,69903
0,0.06434527633863285,0.8948247078464107,251189.0,1,1,Optdigits,NGHS,8,CV,0,69895
7,0.06172405779667256,0.8881469115191987,252617.0,1,1,Optdigits,NGHS,8,CV,0,69902
4,0.06251008160977689,0.8920422927100724,258188.0,1,1,Optdigits,NGHS,8,CV,0,69899
3,0.06146706218473619,0.8731218697829717,259406.0,1,1,Optdigits,NGHS,8,CV,0,69898
2,0.06146979618060777,0.899276572064552,260243.0,1,1,Optdigits,NGHS,8,CV,0,69897
1,0.06172542479460863,0.902615470228158,260469.0,1,1,Optdigits,NGHS,8,CV,0,69896
20,0.05597583147649454,0.9020589872008904,249617.0,1,1,Optdigits,NGHS,8,CV,0,69915
21,0.06356608751520787,0.8914858096828047,250843.0,1,1,Optdigits,NGHS,8,CV,0,69916
23,0.062252402498872206,0.8708959376739009,250749.0,1,1,Optdigits,NGHS,8,CV,0,69918
5,0.05753557612128013,0.8831385642737897,267608.0,1,1,Optdigits,NGHS,8,CV,0,69900
17,0.06878596913318658,0.8703394546466333,253719.0,1,1,Optdigits,NGHS,8,CV,0,69912
25,0.061202548084152264,0.8786867000556483,254328.0,1,1,Optdigits,NGHS,8,CV,0,69920
18,0.06487088704496069,0.8948247078464107,256358.0,1,1,Optdigits,NGHS,8,CV,0,69913
9,0.06277869670416814,0.8814691151919867,270011.0,1,1,Optdigits,NGHS,8,CV,0,69904
22,0.06878596913318658,0.8859209794101279,259937.0,1,1,Optdigits,NGHS,8,CV,0,69917
10,0.06172679179254437,0.8948247078464107,276036.0,1,1,Optdigits,NGHS,8,CV,0,69905
26,0.06355925252552874,0.8803561491374513,262672.0,1,1,Optdigits,NGHS,8,CV,0,69921
24,0.06303979330991216,0.9065108514190318,273079.0,1,1,Optdigits,NGHS,8,CV,0,69919
16,0.06592210845761615,0.8814691151919867,293048.0,1,1,Optdigits,NGHS,8,CV,0,69911
13,0.06591800746380871,0.8714524207011686,314220.0,1,1,Optdigits,NGHS,8,CV,0,69908
12,0.06146637868576832,0.9115191986644408,315797.0,1,1,Optdigits,NGHS,8,CV,0,69907
14,0.06408417973288871,0.8586533110740122,314750.0,1,1,Optdigits,NGHS,8,CV,0,69909
28,0.06485926756250626,0.8697829716193656,281868.0,1,1,Optdigits,NGHS,8,CV,0,69923
32,0.06277801320520005,0.8809126321647189,263783.0,1,1,Optdigits,NGHS,8,CV,0,69927
29,0.062251718999904226,0.8887033945464663,281688.0,1,1,Optdigits,NGHS,8,CV,0,69924
33,0.060159528659111894,0.9065108514190318,264221.0,1,1,Optdigits,NGHS,8,CV,0,69928
30,0.057538310117151825,0.8914858096828047,281510.0,1,1,Optdigits,NGHS,8,CV,0,69925
11,0.05963050045794416,0.9087367835281024,344563.0,1,1,Optdigits,NGHS,8,CV,0,69906
31,0.06460227195056945,0.8848080133555927,286838.0,1,1,Optdigits,NGHS,8,CV,0,69926
34,0.06356608751520787,0.8914858096828047,285334.0,1,1,Optdigits,NGHS,8,CV,0,69929
15,0.06539513075335246,0.900946021146355,357352.0,1,1,Optdigits,NGHS,8,CV,0,69910
27,0.0630384263119762,0.9109627156371731,367891.0,1,1,Optdigits,NGHS,8,CV,0,69922
19,0.0646084234412806,0.9053978853644964,270232.0,1,1,Optdigits,NGHS,8,CV,0,69914