
3,0.09420289855072464,0.8376068376068376,18246.0,1,1,Ionosphere,cmaes,0,CV,0,71228
0,0.08586956521739131,0.8974358974358975,20734.0,1,1,Ionosphere,cmaes,0,CV,0,71225
1,0.09909420289855071,0.8717948717948718,21875.0,1,1,Ionosphere,cmaes,0,CV,0,71226
2,0.09057971014492754,0.8974358974358975,22157.0,1,1,Ionosphere,cmaes,0,CV,0,71227
4,0.11956521739130435,0.8376068376068376,16688.0,1,1,Ionosphere,cmaes,0,CV,0,71229
6,0.10271739130434783,0.8205128205128205,17313.0,1,1,Ionosphere,cmaes,0,CV,0,71231
5,0.10688405797101448,0.8547008547008547,17219.0,1,1,Ionosphere,cmaes,0,CV,0,71230
8,0.09873188405797101,0.8888888888888888,17233.0,1,1,Ionosphere,cmaes,0,CV,0,71233
7,0.10688405797101448,0.8376068376068376,17996.0,1,1,Ionosphere,cmaes,0,CV,0,71232
9,0.11123188405797099,0.8803418803418803,18623.0,1,1,Ionosphere,cmaes,0,CV,0,71234
11,0.10688405797101448,0.8205128205128205,17915.0,1,1,Ionosphere,cmaes,0,CV,0,71236
10,0.12445652173913042,0.8461538461538461,18774.0,1,1,Ionosphere,cmaes,0,CV,0,71235
12,0.11105072463768115,0.8376068376068376,18900.0,1,1,Ionosphere,cmaes,0,CV,0,71237
14,0.12028985507246377,0.8717948717948718,18706.0,1,1,Ionosphere,cmaes,0,CV,0,71239
13,0.09836956521739129,0.8461538461538461,19246.0,1,1,Ionosphere,cmaes,0,CV,0,71238
15,0.11123188405797099,0.829059829059829,18540.0,1,1,Ionosphere,cmaes,0,CV,0,71240
16,0.08206521739130435,0.8547008547008547,18955.0,1,1,Ionosphere,cmaes,0,CV,0,71241
17,0.098731884057971,0.8034188034188035,17818.0,1,1,Ionosphere,cmaes,0,CV,0,71242
18,0.09003623188405796,0.8803418803418803,20719.0,1,1,Ionosphere,cmaes,0,CV,0,71243
20,0.09818840579710145,0.8376068376068376,19532.0,1,1,Ionosphere,cmaes,0,CV,0,71245
21,0.10688405797101448,0.8376068376068376,20484.0,1,1,Ionosphere,cmaes,0,CV,0,71246
19,0.11557971014492754,0.8547008547008547,22421.0,1,1,Ionosphere,cmaes,0,CV,0,71244
22,0.10217391304347825,0.8376068376068376,21266.0,1,1,Ionosphere,cmaes,0,CV,0,71247
25,0.09855072463768115,0.8547008547008547,16735.0,1,1,Ionosphere,cmaes,0,CV,0,71250
24,0.10724637681159419,0.8376068376068376,21047.0,1,1,Ionosphere,cmaes,0,CV,0,71249
23,0.08115942028985507,0.8547008547008547,21985.0,1,1,Ionosphere,cmaes,0,CV,0,71248
27,0.10253623188405796,0.8461538461538461,16843.0,1,1,Ionosphere,cmaes,0,CV,0,71252
26,0.09438405797101448,0.8547008547008547,17176.0,1,1,Ionosphere,cmaes,0,CV,0,71251
28,0.10271739130434783,0.8547008547008547,17280.0,1,1,Ionosphere,cmaes,0,CV,0,71253
30,0.09855072463768115,0.829059829059829,17506.0,1,1,Ionosphere,cmaes,0,CV,0,71255
29,0.09420289855072464,0.829059829059829,18048.0,1,1,Ionosphere,cmaes,0,CV,0,71254
32,0.07282608695652174,0.8376068376068376,17325.0,1,1,Ionosphere,cmaes,0,CV,0,71257
31,0.11159420289855074,0.7863247863247863,18785.0,1,1,Ionosphere,cmaes,0,CV,0,71256
33,0.11141304347826086,0.8547008547008547,18758.0,1,1,Ionosphere,cmaes,0,CV,0,71258
34,0.10652173913043476,0.8461538461538461,19014.0,1,1,Ionosphere,cmaes,0,CV,0,71259