
1,0.0325,0.9426229508196722,19433.0,1,1,Dermatology,cmaes,3,CV,0,75041
3,0.020166666666666666,0.9508196721311475,20110.0,1,1,Dermatology,cmaes,3,CV,0,75043
4,0.03233333333333334,0.9344262295081968,21485.0,1,1,Dermatology,cmaes,3,CV,0,75044
0,0.016166666666666666,0.9590163934426229,23095.0,1,1,Dermatology,cmaes,3,CV,0,75040
5,0.020166666666666666,0.9590163934426229,18156.0,1,1,Dermatology,cmaes,3,CV,0,75045
2,0.012,0.9754098360655737,23348.0,1,1,Dermatology,cmaes,3,CV,0,75042
7,0.024166666666666666,0.9672131147540983,18328.0,1,1,Dermatology,cmaes,3,CV,0,75047
6,0.02033333333333333,0.9590163934426229,19047.0,1,1,Dermatology,cmaes,3,CV,0,75046
8,0.024166666666666666,0.9508196721311475,19557.0,1,1,Dermatology,cmaes,3,CV,0,75048
12,0.024166666666666666,0.9672131147540983,19078.0,1,1,Dermatology,cmaes,3,CV,0,75052
9,0.024166666666666666,0.9590163934426229,19706.0,1,1,Dermatology,cmaes,3,CV,0,75049
10,0.024166666666666666,0.9672131147540983,20115.0,1,1,Dermatology,cmaes,3,CV,0,75050
13,0.024333333333333332,0.9262295081967213,19287.0,1,1,Dermatology,cmaes,3,CV,0,75053
11,0.024166666666666666,0.9672131147540983,20373.0,1,1,Dermatology,cmaes,3,CV,0,75051
14,0.028666666666666667,0.9426229508196722,20135.0,1,1,Dermatology,cmaes,3,CV,0,75054
16,0.024333333333333335,0.9590163934426229,19584.0,1,1,Dermatology,cmaes,3,CV,0,75056
15,0.0325,0.9508196721311475,19837.0,1,1,Dermatology,cmaes,3,CV,0,75055
19,0.008,0.9590163934426229,19159.0,1,1,Dermatology,cmaes,3,CV,0,75059
23,0.012,0.9508196721311475,18688.0,1,1,Dermatology,cmaes,3,CV,0,75063
24,0.016,0.9590163934426229,18453.0,1,1,Dermatology,cmaes,3,CV,0,75064
21,0.020166666666666666,0.9508196721311475,19262.0,1,1,Dermatology,cmaes,3,CV,0,75061
22,0.016166666666666666,0.9672131147540983,19732.0,1,1,Dermatology,cmaes,3,CV,0,75062
27,0.020166666666666666,0.9590163934426229,19406.0,1,1,Dermatology,cmaes,3,CV,0,75067
30,0.02849999999999997,0.9672131147540983,19328.0,1,1,Dermatology,cmaes,3,CV,0,75070
31,0.020166666666666666,0.9426229508196722,19455.0,1,1,Dermatology,cmaes,3,CV,0,75071
29,0.016166666666666666,0.9508196721311475,19749.0,1,1,Dermatology,cmaes,3,CV,0,75069
25,0.016166666666666666,0.9508196721311475,20876.0,1,1,Dermatology,cmaes,3,CV,0,75065
17,0.02033333333333333,0.9672131147540983,23203.0,1,1,Dermatology,cmaes,3,CV,0,75057
18,0.020166666666666666,0.9754098360655737,23422.0,1,1,Dermatology,cmaes,3,CV,0,75058
32,0.024166666666666666,0.9262295081967213,21503.0,1,1,Dermatology,cmaes,3,CV,0,75072
20,0.024333333333333335,0.9426229508196722,23422.0,1,1,Dermatology,cmaes,3,CV,0,75060
28,0.02033333333333333,0.9672131147540983,22953.0,1,1,Dermatology,cmaes,3,CV,0,75068
26,0.024166666666666666,0.9672131147540983,23219.0,1,1,Dermatology,cmaes,3,CV,0,75066
33,0.012166666666666668,0.9754098360655737,23369.0,1,1,Dermatology,cmaes,3,CV,0,75073
34,0.02033333333333333,0.9672131147540983,23308.0,1,1,Dermatology,cmaes,3,CV,0,75074
0,0.016,0.9754098360655737,19151.0,1,1,Dermatology,cmaes,3,CV,0,75320
2,0.020166666666666666,0.9344262295081968,19021.0,1,1,Dermatology,cmaes,3,CV,0,75322
1,0.02033333333333333,0.9672131147540983,19119.0,1,1,Dermatology,cmaes,3,CV,0,75321
8,0.028166666666666666,0.9426229508196722,18762.0,1,1,Dermatology,cmaes,3,CV,0,75328
11,0.02849999999999997,0.9590163934426229,17969.0,1,1,Dermatology,cmaes,3,CV,0,75331
9,0.03233333333333334,0.9590163934426229,19832.0,1,1,Dermatology,cmaes,3,CV,0,75329
6,0.020166666666666666,0.9344262295081968,20625.0,1,1,Dermatology,cmaes,3,CV,0,75326
10,0.01633333333333333,0.9590163934426229,20191.0,1,1,Dermatology,cmaes,3,CV,0,75330
12,0.024166666666666666,0.9426229508196722,19187.0,1,1,Dermatology,cmaes,3,CV,0,75332
15,0.02033333333333333,0.9590163934426229,18125.0,1,1,Dermatology,cmaes,3,CV,0,75335
14,0.020166666666666666,0.9672131147540983,18723.0,1,1,Dermatology,cmaes,3,CV,0,75334
16,0.016,0.9344262295081968,18686.0,1,1,Dermatology,cmaes,3,CV,0,75336
5,0.02033333333333333,0.9508196721311475,23094.0,1,1,Dermatology,cmaes,3,CV,0,75325
3,0.016166666666666666,0.9754098360655737,23688.0,1,1,Dermatology,cmaes,3,CV,0,75323
4,0.020166666666666666,0.9672131147540983,23971.0,1,1,Dermatology,cmaes,3,CV,0,75324
7,0.012166666666666668,0.9262295081967213,23672.0,1,1,Dermatology,cmaes,3,CV,0,75327
17,0.02033333333333333,0.9918032786885246,19707.0,1,1,Dermatology,cmaes,3,CV,0,75337
13,0.016166666666666666,0.9672131147540983,23853.0,1,1,Dermatology,cmaes,3,CV,0,75333
24,0.020166666666666666,0.9426229508196722,18077.0,1,1,Dermatology,cmaes,3,CV,0,75344
18,0.024166666666666666,0.9426229508196722,20442.0,1,1,Dermatology,cmaes,3,CV,0,75338
25,0.020166666666666666,0.9672131147540983,18079.0,1,1,Dermatology,cmaes,3,CV,0,75345
26,0.02033333333333333,0.9508196721311475,18408.0,1,1,Dermatology,cmaes,3,CV,0,75346
28,0.012166666666666668,0.9344262295081968,17914.0,1,1,Dermatology,cmaes,3,CV,0,75348
23,0.03216666666666667,0.9344262295081968,20212.0,1,1,Dermatology,cmaes,3,CV,0,75343
27,0.024166666666666666,0.9590163934426229,18143.0,1,1,Dermatology,cmaes,3,CV,0,75347
29,0.02033333333333333,0.9508196721311475,17903.0,1,1,Dermatology,cmaes,3,CV,0,75349
20,0.028166666666666666,0.9590163934426229,23032.0,1,1,Dermatology,cmaes,3,CV,0,75340
21,0.03216666666666667,0.9426229508196722,23267.0,1,1,Dermatology,cmaes,3,CV,0,75341
19,0.024333333333333335,0.9672131147540983,23984.0,1,1,Dermatology,cmaes,3,CV,0,75339
22,0.024333333333333332,0.9672131147540983,23328.0,1,1,Dermatology,cmaes,3,CV,0,75342
31,0.028500000000000004,0.9672131147540983,18479.0,1,1,Dermatology,cmaes,3,CV,0,75351
32,0.024166666666666666,0.9508196721311475,18781.0,1,1,Dermatology,cmaes,3,CV,0,75352
33,0.01633333333333333,0.9508196721311475,18803.0,1,1,Dermatology,cmaes,3,CV,0,75353
34,0.020166666666666666,0.9508196721311475,18531.0,1,1,Dermatology,cmaes,3,CV,0,75354
30,0.03266666666666666,0.9754098360655737,27051.0,1,1,Dermatology,cmaes,3,CV,0,75350