3 100 5 7 75 0,922 0,5452054794520548 0,9615789473684211 0,9663934426229508 0,34624999999999995 0,9035 0,7741546449072375
3 75 5 5 100 0,9200000000000002 0,5301369863013699 0,9573684210526314 0,972950819672131 0,39875 0,915 0,7823677045043556
3 50 3 5 150 0,9339999999999998 0,5054794520547945 0,9668421052631577 0,9737704918032788 0,35500000000000004 0,917 0,7753486748535384
2 100 2 5 150 0,9219999999999999 0,5273972602739725 0,9594736842105263 0,9696721311475411 0,32125000000000004 0,9080000000000001 0,76796551260534
2 75 3 3 75 0,9359999999999999 0,5246575342465755 0,961578947368421 0,9639344262295081 0,33749999999999997 0,907 0,7717784846407505
2 50 5 7 100 0,9299999999999999 0,5342465753424659 0,9636842105263158 0,9688524590163933 0,34875 0,9184999999999999 0,7773388741475292
1 100 3 3 100 0,9279999999999997 0,5287671232876713 0,9626315789473683 0,9696721311475409 0,325 0,901 0,7691784722304299
1 75 2 7 150 0,9259999999999998 0,5534246575342465 0,9673684210526317 0,9614754098360656 0,30875 0,921 0,7730030814038238
1 50 5 3 150 0,9199999999999999 0,5438356164383562 0,9652631578947368 0,9778688524590164 0,33999999999999997 0,9149999999999998 0,7769946044653516
3 50 2 3 75 0,9359999999999999 0,515068493150685 0,9610526315789473 0,9721311475409836 0,38625000000000004 0,9084999999999999 0,7798337120451027
1 75 2 5 75 0,93 0,5232876712328767 0,9631578947368421 0,965573770491803 0,31 0,9135 0,7675865560769205
3 100 3 7 150 0,9199999999999999 0,5205479452054795 0,9621052631578946 0,9721311475409834 0,3550000000000001 0,9055 0,7725473926507263
2 50 2 7 100 0,9219999999999999 0,5246575342465754 0,9647368421052631 0,9704918032786886 0,2875 0,9174999999999999 0,764481029938421
