100 0.05 1.0 0.9889655172413793 0.8165137614678899 0.9841688654353562 0.9877049180327869 0.5080213903743316 0.9324793167867628 0.9275 0.8931692211673133
100 0.0 1.0 0.9871724137931035 0.8440366972477065 0.9894459102902374 0.9877049180327869 0.5080213903743316 0.9462236455831332 0.9625 0.9031381219151624
100 0.01 1.0 0.9868275862068966 0.8256880733944953 0.9841688654353562 0.9959016393442623 0.5240641711229946 0.9351481184947958 0.9525 0.9005373067498501
100 0.07 1.0 0.9865057471264368 0.8532110091743119 0.9815303430079155 0.9918032786885246 0.5133689839572193 0.9431545236188951 0.9425 0.9015092356966629
100 0.15 1.0 0.9872873563218391 0.8256880733944953 0.9841688654353562 0.9795081967213115 0.49732620320855614 0.929677074993328 0.9475 0.8938944712593607
200 0.05 1.0 0.978183908045977 0.8165137614678899 0.978891820580475 0.9795081967213115 0.49732620320855614 0.9582332532692821 0.96 0.8960821429116864
200 0.0 1.0 0.9884367816091955 0.8256880733944953 0.9815303430079155 0.9877049180327869 0.4812834224598931 0.9352815585801975 0.9375 0.8921781371355604
200 0.01 1.0 0.9885977011494252 0.8532110091743119 0.9815303430079155 0.9836065573770492 0.5294117647058824 0.9488924472911663 0.9375 0.9028437278382189
200 0.07 1.0 0.9877701149425288 0.8348623853211009 0.9762532981530343 0.9959016393442623 0.5080213903743316 0.9334133973845743 0.94 0.8970277781899789
200 0.15 1.0 0.9782528735632184 0.8623853211009174 0.978891820580475 0.9754098360655737 0.5026737967914439 0.9315452361889511 0.9325 0.8952073605363224
300 0.05 1.0 0.9873103448275862 0.8348623853211009 0.978891820580475 0.9836065573770492 0.5240641711229946 0.9536962903656259 0.945 0.900928946199354
300 0.0 1.0 0.9788505747126437 0.8256880733944953 0.9868073878627969 0.9877049180327869 0.5401069518716577 0.9367493995196157 0.9525 0.9010509131742495
300 0.01 1.0 0.9867586206896551 0.8348623853211009 0.978891820580475 0.9877049180327869 0.5026737967914439 0.940085401654657 0.9475 0.8973096178837648
300 0.07 1.0 0.9868275862068966 0.8165137614678899 0.978891820580475 0.9836065573770492 0.4919786096256684 0.9562316519882572 0.9525 0.8958187484057795
300 0.15 1.0 0.9877701149425288 0.8165137614678899 0.9815303430079155 0.9877049180327869 0.5401069518716577 0.9375500400320256 0.955 0.9007720161693505
150 0.05 1.0 0.9868965517241379 0.8348623853211009 0.9815303430079155 0.9795081967213115 0.518716577540107 0.9507606084867894 0.955 0.9009093328501703
150 0.0 1.0 0.9819310344827586 0.8256880733944953 0.9815303430079155 0.9918032786885246 0.5026737967914439 0.9406191619962637 0.9425 0.8958432110451752
150 0.01 1.0 0.9871264367816092 0.8440366972477065 0.9841688654353562 1.0 0.5294117647058824 0.940886042167067 0.9425 0.9035162257922026
150 0.07 1.0 0.9873793103448276 0.8532110091743119 0.9894459102902374 0.9918032786885246 0.4866310160427807 0.9548972511342407 0.9475 0.9013584719593652
150 0.15 1.0 0.9877471264367816 0.8348623853211009 0.9815303430079155 0.9918032786885246 0.5133689839572193 0.94515612489992 0.945 0.8999335302889327
75 0.05 1.0 0.9875172413793103 0.8715596330275229 0.9815303430079155 0.9795081967213115 0.53475935828877 0.9418201227648786 0.95 0.9058368618987137
75 0.0 1.0 0.9900459770114942 0.8440366972477065 0.9841688654353562 1.0 0.5240641711229946 0.9332799572991727 0.96 0.9044494585145907
75 0.01 1.0 0.988735632183908 0.8532110091743119 0.978891820580475 0.9918032786885246 0.53475935828877 0.9464905257539364 0.95 0.9054864530837408
75 0.07 1.0 0.9866666666666667 0.8440366972477065 0.9841688654353562 0.9836065573770492 0.5240641711229946 0.9426207632772885 0.9375 0.9003329651408827
75 0.15 1.0 0.9873793103448276 0.8348623853211009 0.978891820580475 0.9877049180327869 0.5401069518716577 0.9375500400320256 0.9625 0.9036244282728593
