
7,0.45499999999999996,0.5644820295983086,38375.0,1,1,Contraceptive,HS,1,CV,0,1792
8,0.45599999999999996,0.5560253699788584,40390.0,1,1,Contraceptive,HS,1,CV,0,1793
4,0.45099999999999996,0.5517970401691332,42247.0,1,1,Contraceptive,HS,1,CV,0,1789
12,0.45499999999999996,0.5750528541226216,39625.0,1,1,Contraceptive,HS,1,CV,0,1797
11,0.44999999999999996,0.5602536997885835,39859.0,1,1,Contraceptive,HS,1,CV,0,1796
2,0.45099999999999985,0.562367864693446,43238.0,1,1,Contraceptive,HS,1,CV,0,1787
26,0.45999999999999996,0.547568710359408,38578.0,1,1,Contraceptive,HS,1,CV,0,1811
13,0.44700000000000006,0.5602536997885835,40498.0,1,1,Contraceptive,HS,1,CV,0,1798
21,0.4590000000000001,0.5644820295983086,40171.0,1,1,Contraceptive,HS,1,CV,0,1806
9,0.45399999999999996,0.5517970401691332,43237.0,1,1,Contraceptive,HS,1,CV,0,1794
19,0.44799999999999995,0.5517970401691332,40637.0,1,1,Contraceptive,HS,1,CV,0,1804
22,0.45499999999999996,0.5708245243128964,40520.0,1,1,Contraceptive,HS,1,CV,0,1807
10,0.45299999999999985,0.547568710359408,42048.0,1,1,Contraceptive,HS,1,CV,0,1795
25,0.45599999999999996,0.5517970401691332,40579.0,1,1,Contraceptive,HS,1,CV,0,1810
14,0.45099999999999996,0.5306553911205074,42178.0,1,1,Contraceptive,HS,1,CV,0,1799
29,0.45600000000000007,0.562367864693446,40391.0,1,1,Contraceptive,HS,1,CV,0,1814
16,0.44799999999999995,0.5496828752642706,42363.0,1,1,Contraceptive,HS,1,CV,0,1801
30,0.4520000000000002,0.5496828752642706,40523.0,1,1,Contraceptive,HS,1,CV,0,1815
28,0.45300000000000007,0.5560253699788584,40718.0,1,1,Contraceptive,HS,1,CV,0,1813
31,0.45299999999999996,0.562367864693446,40574.0,1,1,Contraceptive,HS,1,CV,0,1816
23,0.45299999999999996,0.5581395348837209,42043.0,1,1,Contraceptive,HS,1,CV,0,1808
17,0.45300000000000007,0.5708245243128964,42981.0,1,1,Contraceptive,HS,1,CV,0,1802
34,0.45499999999999996,0.5454545454545454,40719.0,1,1,Contraceptive,HS,1,CV,0,1819
20,0.45399999999999996,0.547568710359408,43174.0,1,1,Contraceptive,HS,1,CV,0,1805
1,0.45399999999999996,0.5454545454545454,47998.0,1,1,Contraceptive,HS,1,CV,0,1786
27,0.45699999999999996,0.5454545454545454,42942.0,1,1,Contraceptive,HS,1,CV,0,1812
32,0.44899999999999984,0.5581395348837209,44491.0,1,1,Contraceptive,HS,1,CV,0,1817
33,0.45200000000000007,0.562367864693446,46219.0,1,1,Contraceptive,HS,1,CV,0,1818
0,0.44899999999999995,0.5095137420718816,52604.0,1,1,Contraceptive,HS,1,CV,0,1785
5,0.45499999999999996,0.547568710359408,52381.0,1,1,Contraceptive,HS,1,CV,0,1790
6,0.45899999999999985,0.5560253699788584,52447.0,1,1,Contraceptive,HS,1,CV,0,1791
3,0.45599999999999996,0.5581395348837209,52693.0,1,1,Contraceptive,HS,1,CV,0,1788
24,0.44800000000000006,0.5391120507399577,53484.0,1,1,Contraceptive,HS,1,CV,0,1809
18,0.44899999999999995,0.5644820295983086,62839.0,1,1,Contraceptive,HS,1,CV,0,1803
15,0.45399999999999996,0.5348837209302326,69110.0,1,1,Contraceptive,HS,1,CV,0,1800