
5,0.4806913486644276,4.390603291877561,8502.0,1,1,BodyFat,HS,3,CV,0,5850
1,0.4971902751162632,4.50988461960974,9500.0,1,1,BodyFat,HS,3,CV,0,5846
4,0.48997061865911595,4.742966499714223,9422.0,1,1,BodyFat,HS,3,CV,0,5849
0,0.49831403586738643,4.031407655810476,10578.0,1,1,BodyFat,HS,3,CV,0,5845
8,0.4979539627153409,5.478428994554918,7860.0,1,1,BodyFat,HS,3,CV,0,5853
2,0.48237629205686333,4.6096167197116324,9984.0,1,1,BodyFat,HS,3,CV,0,5847
7,0.4870640977524795,4.420172987641769,9781.0,1,1,BodyFat,HS,3,CV,0,5852
3,0.47650218840127,4.294100296332453,10738.0,1,1,BodyFat,HS,3,CV,0,5848
6,0.5023488210317613,4.707102733596293,10830.0,1,1,BodyFat,HS,3,CV,0,5851
10,0.49061892095209936,4.3718949092092245,7391.0,1,1,BodyFat,HS,3,CV,0,5855
13,0.4721088252492541,4.207435771093308,7390.0,1,1,BodyFat,HS,3,CV,0,5858
9,0.5039141472055202,4.554072781378008,13266.0,1,1,BodyFat,HS,3,CV,0,5854
11,0.5040317461510095,4.446884255398334,8404.0,1,1,BodyFat,HS,3,CV,0,5856
17,0.4811820973386306,4.2654830969921615,7594.0,1,1,BodyFat,HS,3,CV,0,5862
18,0.5052143942483359,4.605683459689443,7422.0,1,1,BodyFat,HS,3,CV,0,5863
12,0.4757203884746084,5.269651228406426,8502.0,1,1,BodyFat,HS,3,CV,0,5857
19,0.48946181033968994,4.110166152627232,7860.0,1,1,BodyFat,HS,3,CV,0,5864
14,0.5035541956279029,4.1441076012409575,9500.0,1,1,BodyFat,HS,3,CV,0,5859
22,0.4476283663467348,4.717538761882287,8127.0,1,1,BodyFat,HS,3,CV,0,5867
21,0.4793443067657213,4.30240957118797,8230.0,1,1,BodyFat,HS,3,CV,0,5866
15,0.504651759612283,4.9156235148729825,9516.0,1,1,BodyFat,HS,3,CV,0,5860
28,0.4694737027809312,4.607598062383512,7407.0,1,1,BodyFat,HS,3,CV,0,5873
16,0.4895204737755674,5.095217785666122,10047.0,1,1,BodyFat,HS,3,CV,0,5861
26,0.4986211980289765,4.460276722039761,8191.0,1,1,BodyFat,HS,3,CV,0,5871
27,0.49144416953943093,4.1896618786107815,8182.0,1,1,BodyFat,HS,3,CV,0,5872
23,0.4599847920841088,6.768002749121712,9766.0,1,1,BodyFat,HS,3,CV,0,5868
29,0.46844796527992705,4.902272819730458,8446.0,1,1,BodyFat,HS,3,CV,0,5874
20,0.5119420683255347,3.618664395850793,10844.0,1,1,BodyFat,HS,3,CV,0,5865
31,0.4899867970773468,4.562492256423437,8451.0,1,1,BodyFat,HS,3,CV,0,5876
24,0.4933415251132235,5.236608472271562,10732.0,1,1,BodyFat,HS,3,CV,0,5869
30,0.505291294443459,3.8075723185603083,8733.0,1,1,BodyFat,HS,3,CV,0,5875
32,0.483822174077976,4.815189628024786,8226.0,1,1,BodyFat,HS,3,CV,0,5877
25,0.49477022765519996,3.9576900902569645,10786.0,1,1,BodyFat,HS,3,CV,0,5870
34,0.47090206014507074,5.028449746018492,7422.0,1,1,BodyFat,HS,3,CV,0,5879
33,0.489772401236731,4.941870476527864,9703.0,1,1,BodyFat,HS,3,CV,0,5878