
0,0.21199999999999997,0.7661290322580645,21328.0,1,1,Blood,HS,5,CV,0,7490
1,0.21199999999999997,0.7741935483870968,21641.0,1,1,Blood,HS,5,CV,0,7491
2,0.21199999999999997,0.7903225806451613,21496.0,1,1,Blood,HS,5,CV,0,7492
5,0.21199999999999997,0.7903225806451613,21488.0,1,1,Blood,HS,5,CV,0,7495
3,0.20799999999999996,0.782258064516129,24273.0,1,1,Blood,HS,5,CV,0,7493
4,0.20999999999999996,0.7903225806451613,26036.0,1,1,Blood,HS,5,CV,0,7494
6,0.20799999999999996,0.7782258064516129,21067.0,1,1,Blood,HS,5,CV,0,7496
7,0.21000000000000008,0.7782258064516129,21328.0,1,1,Blood,HS,5,CV,0,7497
8,0.21199999999999997,0.7903225806451613,21787.0,1,1,Blood,HS,5,CV,0,7498
9,0.21399999999999997,0.782258064516129,21574.0,1,1,Blood,HS,5,CV,0,7499
11,0.20599999999999996,0.782258064516129,19265.0,1,1,Blood,HS,5,CV,0,7501
10,0.21199999999999997,0.7741935483870968,21510.0,1,1,Blood,HS,5,CV,0,7500
15,0.21199999999999997,0.7741935483870968,19266.0,1,1,Blood,HS,5,CV,0,7505
18,0.20799999999999996,0.7701612903225806,18984.0,1,1,Blood,HS,5,CV,0,7508
16,0.21199999999999997,0.7661290322580645,19386.0,1,1,Blood,HS,5,CV,0,7506
12,0.21199999999999997,0.7701612903225806,24157.0,1,1,Blood,HS,5,CV,0,7502
19,0.20600000000000007,0.7862903225806451,19339.0,1,1,Blood,HS,5,CV,0,7509
17,0.21199999999999997,0.7782258064516129,19640.0,1,1,Blood,HS,5,CV,0,7507
20,0.20999999999999996,0.7862903225806451,19515.0,1,1,Blood,HS,5,CV,0,7510
21,0.20799999999999996,0.7661290322580645,19484.0,1,1,Blood,HS,5,CV,0,7511
13,0.21199999999999997,0.7701612903225806,25156.0,1,1,Blood,HS,5,CV,0,7503
28,0.21399999999999997,0.7903225806451613,19363.0,1,1,Blood,HS,5,CV,0,7518
26,0.20799999999999996,0.7701612903225806,20267.0,1,1,Blood,HS,5,CV,0,7516
27,0.21199999999999997,0.7661290322580645,19734.0,1,1,Blood,HS,5,CV,0,7517
23,0.21000000000000008,0.7943548387096774,21599.0,1,1,Blood,HS,5,CV,0,7513
25,0.21199999999999997,0.7782258064516129,21632.0,1,1,Blood,HS,5,CV,0,7515
30,0.21399999999999997,0.7862903225806451,19806.0,1,1,Blood,HS,5,CV,0,7520
29,0.21199999999999997,0.7661290322580645,20558.0,1,1,Blood,HS,5,CV,0,7519
14,0.20799999999999996,0.7741935483870968,25682.0,1,1,Blood,HS,5,CV,0,7504
33,0.21000000000000008,0.7782258064516129,19750.0,1,1,Blood,HS,5,CV,0,7523
32,0.21000000000000008,0.7741935483870968,20429.0,1,1,Blood,HS,5,CV,0,7522
34,0.21199999999999997,0.7741935483870968,20229.0,1,1,Blood,HS,5,CV,0,7524
24,0.21200000000000008,0.7782258064516129,25250.0,1,1,Blood,HS,5,CV,0,7514
22,0.21199999999999997,0.7620967741935484,27656.0,1,1,Blood,HS,5,CV,0,7512
31,0.20999999999999985,0.7701612903225806,25516.0,1,1,Blood,HS,5,CV,0,7521