
0,0.2777777777777778,0.5681818181818181,4650.0,1,1,Hayes,HS,5,CV,0,7910
1,0.28333333333333344,0.6818181818181819,4658.0,1,1,Hayes,HS,5,CV,0,7911
2,0.25,0.6818181818181819,4676.0,1,1,Hayes,HS,5,CV,0,7912
3,0.286111111111111,0.6136363636363636,4531.0,1,1,Hayes,HS,5,CV,0,7913
4,0.275,0.75,4651.0,1,1,Hayes,HS,5,CV,0,7914
6,0.2972222222222223,0.7272727272727273,4570.0,1,1,Hayes,HS,5,CV,0,7916
7,0.2944444444444445,0.7272727272727273,4601.0,1,1,Hayes,HS,5,CV,0,7917
10,0.30694444444444446,0.8181818181818181,4644.0,1,1,Hayes,HS,5,CV,0,7920
11,0.29722222222222217,0.5909090909090908,4610.0,1,1,Hayes,HS,5,CV,0,7921
5,0.23888888888888893,0.6136363636363636,5140.0,1,1,Hayes,HS,5,CV,0,7915
12,0.2847222222222222,0.6590909090909092,4678.0,1,1,Hayes,HS,5,CV,0,7922
8,0.3013888888888888,0.5909090909090908,5156.0,1,1,Hayes,HS,5,CV,0,7918
14,0.2972222222222223,0.75,4297.0,1,1,Hayes,HS,5,CV,0,7924
16,0.30694444444444446,0.6590909090909092,4219.0,1,1,Hayes,HS,5,CV,0,7926
9,0.2833333333333332,0.6818181818181819,5313.0,1,1,Hayes,HS,5,CV,0,7919
22,0.21666666666666656,0.6136363636363636,4135.0,1,1,Hayes,HS,5,CV,0,7932
19,0.30833333333333324,0.5909090909090908,4281.0,1,1,Hayes,HS,5,CV,0,7929
20,0.2972222222222223,0.5454545454545454,4345.0,1,1,Hayes,HS,5,CV,0,7930
18,0.29861111111111105,0.6818181818181819,4549.0,1,1,Hayes,HS,5,CV,0,7928
13,0.2694444444444445,0.5909090909090908,5297.0,1,1,Hayes,HS,5,CV,0,7923
23,0.2513888888888889,0.7045454545454546,4675.0,1,1,Hayes,HS,5,CV,0,7933
15,0.2847222222222223,0.5909090909090908,5447.0,1,1,Hayes,HS,5,CV,0,7925
24,0.288888888888889,0.6136363636363636,4416.0,1,1,Hayes,HS,5,CV,0,7934
17,0.29722222222222217,0.6136363636363636,5391.0,1,1,Hayes,HS,5,CV,0,7927
25,0.2749999999999999,0.6363636363636364,4583.0,1,1,Hayes,HS,5,CV,0,7935
21,0.2972222222222223,0.7272727272727273,5479.0,1,1,Hayes,HS,5,CV,0,7931
26,0.27083333333333326,0.6818181818181819,4693.0,1,1,Hayes,HS,5,CV,0,7936
27,0.29722222222222217,0.6590909090909092,4678.0,1,1,Hayes,HS,5,CV,0,7937
29,0.3055555555555556,0.7272727272727273,4453.0,1,1,Hayes,HS,5,CV,0,7939
28,0.2847222222222222,0.6363636363636364,4659.0,1,1,Hayes,HS,5,CV,0,7938
31,0.26111111111111107,0.6136363636363636,4570.0,1,1,Hayes,HS,5,CV,0,7941
30,0.273611111111111,0.6590909090909092,4651.0,1,1,Hayes,HS,5,CV,0,7940
34,0.24861111111111112,0.75,4608.0,1,1,Hayes,HS,5,CV,0,7944
32,0.2777777777777778,0.6818181818181819,4896.0,1,1,Hayes,HS,5,CV,0,7942
33,0.275,0.7727272727272727,5161.0,1,1,Hayes,HS,5,CV,0,7943