
3,0.0,0.9754098360655737,11344.0,1,1,Dermatology,DEBin,0,TT,0,219103
2,0.0,0.9672131147540983,11453.0,1,1,Dermatology,DEBin,0,TT,0,219102
0,0.0,0.9508196721311475,12275.0,1,1,Dermatology,DEBin,0,TT,0,219100
4,0.0,0.9672131147540983,11343.0,1,1,Dermatology,DEBin,0,TT,0,219104
1,0.0,0.9672131147540983,12282.0,1,1,Dermatology,DEBin,0,TT,0,219101
5,0.0,0.9836065573770492,11890.0,1,1,Dermatology,DEBin,0,TT,0,219105
9,0.0,0.9754098360655737,12069.0,1,1,Dermatology,DEBin,0,TT,0,219109
10,0.0,0.9672131147540983,12224.0,1,1,Dermatology,DEBin,0,TT,0,219110
6,0.0,0.9590163934426229,13297.0,1,1,Dermatology,DEBin,0,TT,0,219106
11,0.0,0.9754098360655737,12421.0,1,1,Dermatology,DEBin,0,TT,0,219111
7,0.0,0.9836065573770492,14547.0,1,1,Dermatology,DEBin,0,TT,0,219107
13,0.0,0.9508196721311475,13481.0,1,1,Dermatology,DEBin,0,TT,0,219113
15,0.0,0.9918032786885246,13543.0,1,1,Dermatology,DEBin,0,TT,0,219115
19,0.0,0.9508196721311475,13483.0,1,1,Dermatology,DEBin,0,TT,0,219119
18,0.0,0.9508196721311475,14061.0,1,1,Dermatology,DEBin,0,TT,0,219118
20,0.0,0.9590163934426229,14028.0,1,1,Dermatology,DEBin,0,TT,0,219120
12,0.0,0.9672131147540983,14438.0,1,1,Dermatology,DEBin,0,TT,0,219112
14,0.0,0.9754098360655737,14609.0,1,1,Dermatology,DEBin,0,TT,0,219114
17,0.0,0.9508196721311475,14921.0,1,1,Dermatology,DEBin,0,TT,0,219117
24,0.0,0.9836065573770492,12281.0,1,1,Dermatology,DEBin,0,TT,0,219124
8,0.0,0.9754098360655737,17862.0,1,1,Dermatology,DEBin,0,TT,0,219108
22,0.0,0.9836065573770492,14578.0,1,1,Dermatology,DEBin,0,TT,0,219122
21,0.0,0.9672131147540983,14469.0,1,1,Dermatology,DEBin,0,TT,0,219121
27,0.0,0.9918032786885246,12252.0,1,1,Dermatology,DEBin,0,TT,0,219127
28,0.0,0.9672131147540983,12211.0,1,1,Dermatology,DEBin,0,TT,0,219128
30,0.0,0.9590163934426229,12332.0,1,1,Dermatology,DEBin,0,TT,0,219130
29,0.0,0.9590163934426229,13463.0,1,1,Dermatology,DEBin,0,TT,0,219129
23,0.0,0.9672131147540983,16412.0,1,1,Dermatology,DEBin,0,TT,0,219123
33,0.0,0.9836065573770492,11438.0,1,1,Dermatology,DEBin,0,TT,0,219133
34,0.0,0.9672131147540983,11469.0,1,1,Dermatology,DEBin,0,TT,0,219134
31,0.0,0.9590163934426229,13915.0,1,1,Dermatology,DEBin,0,TT,0,219131
25,0.0,0.9836065573770492,16440.0,1,1,Dermatology,DEBin,0,TT,0,219125
26,0.0,0.9672131147540983,16498.0,1,1,Dermatology,DEBin,0,TT,0,219126
31,0.0,0.9590163934426229,14953.0,1,1,Dermatology,DEBin,0,TT,0,219131
0,0.0,0.9508196721311475,16270.0,1,1,Dermatology,DEBin,0,TT,0,219380
1,0.0,0.9672131147540983,16155.0,1,1,Dermatology,DEBin,0,TT,0,219381
2,0.0,0.9672131147540983,17693.0,1,1,Dermatology,DEBin,0,TT,0,219382
3,0.0,0.9754098360655737,20186.0,1,1,Dermatology,DEBin,0,TT,0,219383
4,0.0,0.9672131147540983,13724.0,1,1,Dermatology,DEBin,0,TT,0,219384
5,0.0,0.9836065573770492,16261.0,1,1,Dermatology,DEBin,0,TT,0,219385
6,0.0,0.9590163934426229,16268.0,1,1,Dermatology,DEBin,0,TT,0,219386
6,0.0,0.9590163934426229,17469.0,1,1,Dermatology,DEBin,0,TT,0,219386
9,0.0,0.9754098360655737,13742.0,1,1,Dermatology,DEBin,0,TT,0,219389
8,0.0,0.9754098360655737,20302.0,1,1,Dermatology,DEBin,0,TT,0,219388
10,0.0,0.9672131147540983,11953.0,1,1,Dermatology,DEBin,0,TT,0,219390
11,0.0,0.9754098360655737,11984.0,1,1,Dermatology,DEBin,0,TT,0,219391
12,0.0,0.9672131147540983,12031.0,1,1,Dermatology,DEBin,0,TT,0,219392
13,0.0,0.9508196721311475,11969.0,1,1,Dermatology,DEBin,0,TT,0,219393
16,0.0,0.9590163934426229,11968.0,1,1,Dermatology,DEBin,0,TT,0,219396
17,0.0,0.9508196721311475,12261.0,1,1,Dermatology,DEBin,0,TT,0,219397
18,0.0,0.9508196721311475,12531.0,1,1,Dermatology,DEBin,0,TT,0,219398
19,0.0,0.9508196721311475,12053.0,1,1,Dermatology,DEBin,0,TT,0,219399
20,0.0,0.9590163934426229,12309.0,1,1,Dermatology,DEBin,0,TT,0,219400
22,0.0,0.9836065573770492,12286.0,1,1,Dermatology,DEBin,0,TT,0,219402
23,0.0,0.9672131147540983,12309.0,1,1,Dermatology,DEBin,0,TT,0,219403
14,0.0,0.9754098360655737,16222.0,1,1,Dermatology,DEBin,0,TT,0,219394
15,0.0,0.9918032786885246,16336.0,1,1,Dermatology,DEBin,0,TT,0,219395
25,0.0,0.9836065573770492,12247.0,1,1,Dermatology,DEBin,0,TT,0,219405
27,0.0,0.9918032786885246,12326.0,1,1,Dermatology,DEBin,0,TT,0,219407
30,0.0,0.9590163934426229,12311.0,1,1,Dermatology,DEBin,0,TT,0,219410
26,0.0,0.9672131147540983,13576.0,1,1,Dermatology,DEBin,0,TT,0,219406
28,0.0,0.9672131147540983,13566.0,1,1,Dermatology,DEBin,0,TT,0,219408
29,0.0,0.9590163934426229,13674.0,1,1,Dermatology,DEBin,0,TT,0,219409
21,0.0,0.9672131147540983,17460.0,1,1,Dermatology,DEBin,0,TT,0,219401
31,0.0,0.9590163934426229,13580.0,1,1,Dermatology,DEBin,0,TT,0,219411
32,0.0,0.9918032786885246,13974.0,1,1,Dermatology,DEBin,0,TT,0,219412
33,0.0,0.9836065573770492,13846.0,1,1,Dermatology,DEBin,0,TT,0,219413
34,0.0,0.9672131147540983,13788.0,1,1,Dermatology,DEBin,0,TT,0,219414