
0,0.0,0.9571428571428572,6578.0,1,1,Seeds,DEBin,7,TT,0,230160
1,0.0,0.9714285714285714,6562.0,1,1,Seeds,DEBin,7,TT,0,230161
2,0.0,0.9571428571428572,6468.0,1,1,Seeds,DEBin,7,TT,0,230162
3,0.0,1.0,6516.0,1,1,Seeds,DEBin,7,TT,0,230163
4,0.0,0.9714285714285714,6485.0,1,1,Seeds,DEBin,7,TT,0,230164
5,0.0,0.9428571428571428,6578.0,1,1,Seeds,DEBin,7,TT,0,230165
6,0.0,0.9428571428571428,6546.0,1,1,Seeds,DEBin,7,TT,0,230166
7,0.0,0.9571428571428572,6578.0,1,1,Seeds,DEBin,7,TT,0,230167
8,0.0,0.9714285714285714,6500.0,1,1,Seeds,DEBin,7,TT,0,230168
9,0.0,0.9857142857142858,6578.0,1,1,Seeds,DEBin,7,TT,0,230169
10,0.0,0.9714285714285714,6499.0,1,1,Seeds,DEBin,7,TT,0,230170
11,0.0,0.9714285714285714,6579.0,1,1,Seeds,DEBin,7,TT,0,230171
12,0.0,0.9571428571428572,6516.0,1,1,Seeds,DEBin,7,TT,0,230172
13,0.0,0.9285714285714286,6610.0,1,1,Seeds,DEBin,7,TT,0,230173
14,0.0,0.9714285714285714,6484.0,1,1,Seeds,DEBin,7,TT,0,230174
15,0.0,0.9428571428571428,6609.0,1,1,Seeds,DEBin,7,TT,0,230175
16,0.0,0.9428571428571428,6516.0,1,1,Seeds,DEBin,7,TT,0,230176
17,0.0,0.9571428571428572,6531.0,1,1,Seeds,DEBin,7,TT,0,230177
18,0.0,0.9714285714285714,6515.0,1,1,Seeds,DEBin,7,TT,0,230178
19,0.0,0.9428571428571428,6641.0,1,1,Seeds,DEBin,7,TT,0,230179
20,0.0,0.9857142857142858,6500.0,1,1,Seeds,DEBin,7,TT,0,230180
21,0.0,0.9714285714285714,6594.0,1,1,Seeds,DEBin,7,TT,0,230181
22,0.0,0.9857142857142858,6485.0,1,1,Seeds,DEBin,7,TT,0,230182
23,0.0,0.9571428571428572,6579.0,1,1,Seeds,DEBin,7,TT,0,230183
23,0.0,0.9571428571428572,6579.0,1,1,Seeds,DEBin,7,TT,0,230183
24,0.0,0.9857142857142858,6578.0,1,1,Seeds,DEBin,7,TT,0,230184
25,0.0,0.9428571428571428,6516.0,1,1,Seeds,DEBin,7,TT,0,230185
26,0.0,0.9571428571428572,6657.0,1,1,Seeds,DEBin,7,TT,0,230186
27,0.0,0.9285714285714286,6516.0,1,1,Seeds,DEBin,7,TT,0,230187
29,0.0,0.9285714285714286,6609.0,1,1,Seeds,DEBin,7,TT,0,230189
30,0.0,0.9428571428571428,6500.0,1,1,Seeds,DEBin,7,TT,0,230190
31,0.0,0.9714285714285714,6562.0,1,1,Seeds,DEBin,7,TT,0,230191
32,0.0,0.9714285714285714,6500.0,1,1,Seeds,DEBin,7,TT,0,230192
33,0.0,0.9714285714285714,6532.0,1,1,Seeds,DEBin,7,TT,0,230193
34,0.0,0.9714285714285714,6438.0,1,1,Seeds,DEBin,7,TT,0,230194