
1,0.0,0.9590163934426229,12375.0,1,1,Dermatology,DEBin,8,TT,0,230861
2,0.0,0.9754098360655737,12468.0,1,1,Dermatology,DEBin,8,TT,0,230862
3,0.0,0.9672131147540983,12469.0,1,1,Dermatology,DEBin,8,TT,0,230863
5,0.0,0.9508196721311475,12043.0,1,1,Dermatology,DEBin,8,TT,0,230865
4,0.0,0.9836065573770492,12506.0,1,1,Dermatology,DEBin,8,TT,0,230864
9,0.0,0.9754098360655737,12219.0,1,1,Dermatology,DEBin,8,TT,0,230869
10,0.0,0.9590163934426229,12140.0,1,1,Dermatology,DEBin,8,TT,0,230870
0,0.0,0.9426229508196722,17260.0,1,1,Dermatology,DEBin,8,TT,0,230860
8,0.0,0.9754098360655737,13251.0,1,1,Dermatology,DEBin,8,TT,0,230868
11,0.0,0.9754098360655737,12219.0,1,1,Dermatology,DEBin,8,TT,0,230871
6,0.0,0.9754098360655737,13595.0,1,1,Dermatology,DEBin,8,TT,0,230866
13,0.0,0.9754098360655737,12500.0,1,1,Dermatology,DEBin,8,TT,0,230873
14,0.0,0.9508196721311475,12477.0,1,1,Dermatology,DEBin,8,TT,0,230874
15,0.0,0.9836065573770492,12229.0,1,1,Dermatology,DEBin,8,TT,0,230875
20,0.0,0.9590163934426229,12281.0,1,1,Dermatology,DEBin,8,TT,0,230880
18,0.0,0.9672131147540983,12391.0,1,1,Dermatology,DEBin,8,TT,0,230878
22,0.0,0.9754098360655737,12286.0,1,1,Dermatology,DEBin,8,TT,0,230882
21,0.0,0.9672131147540983,12422.0,1,1,Dermatology,DEBin,8,TT,0,230881
23,0.0,0.9918032786885246,12422.0,1,1,Dermatology,DEBin,8,TT,0,230883
25,0.0,0.9590163934426229,12417.0,1,1,Dermatology,DEBin,8,TT,0,230885
26,0.0,0.9672131147540983,12328.0,1,1,Dermatology,DEBin,8,TT,0,230886
12,0.0,0.9426229508196722,15282.0,1,1,Dermatology,DEBin,8,TT,0,230872
24,0.0,0.9590163934426229,14373.0,1,1,Dermatology,DEBin,8,TT,0,230884
27,0.0,0.9426229508196722,13765.0,1,1,Dermatology,DEBin,8,TT,0,230887
17,0.0,0.9754098360655737,15062.0,1,1,Dermatology,DEBin,8,TT,0,230877
16,0.0,0.9508196721311475,15609.0,1,1,Dermatology,DEBin,8,TT,0,230876
29,0.0,0.9754098360655737,13903.0,1,1,Dermatology,DEBin,8,TT,0,230889
19,0.0,0.9754098360655737,16405.0,1,1,Dermatology,DEBin,8,TT,0,230879
27,0.0,0.9426229508196722,16985.0,1,1,Dermatology,DEBin,8,TT,0,230887
31,0.0,0.9508196721311475,15406.0,1,1,Dermatology,DEBin,8,TT,0,230891
34,0.0,0.9590163934426229,15313.0,1,1,Dermatology,DEBin,8,TT,0,230894
30,0.0,0.9672131147540983,17092.0,1,1,Dermatology,DEBin,8,TT,0,230890
32,0.0,0.9672131147540983,16234.0,1,1,Dermatology,DEBin,8,TT,0,230892
33,0.0,0.9590163934426229,16200.0,1,1,Dermatology,DEBin,8,TT,0,230893
1,0.0,0.9590163934426229,12235.0,1,1,Dermatology,DEBin,8,TT,0,231141
0,0.0,0.9426229508196722,12508.0,1,1,Dermatology,DEBin,8,TT,0,231140
3,0.0,0.9672131147540983,12466.0,1,1,Dermatology,DEBin,8,TT,0,231143
2,0.0,0.9754098360655737,16421.0,1,1,Dermatology,DEBin,8,TT,0,231142
6,0.0,0.9754098360655737,15563.0,1,1,Dermatology,DEBin,8,TT,0,231146
5,0.0,0.9508196721311475,15985.0,1,1,Dermatology,DEBin,8,TT,0,231145
4,0.0,0.9836065573770492,15937.0,1,1,Dermatology,DEBin,8,TT,0,231144
7,0.0,0.9672131147540983,17207.0,1,1,Dermatology,DEBin,8,TT,0,231147
8,0.0,0.9754098360655737,12234.0,1,1,Dermatology,DEBin,8,TT,0,231148
9,0.0,0.9754098360655737,12498.0,1,1,Dermatology,DEBin,8,TT,0,231149
10,0.0,0.9590163934426229,12494.0,1,1,Dermatology,DEBin,8,TT,0,231150
12,0.0,0.9426229508196722,15687.0,1,1,Dermatology,DEBin,8,TT,0,231152
13,0.0,0.9754098360655737,15594.0,1,1,Dermatology,DEBin,8,TT,0,231153
11,0.0,0.9754098360655737,16346.0,1,1,Dermatology,DEBin,8,TT,0,231151
14,0.0,0.9508196721311475,16015.0,1,1,Dermatology,DEBin,8,TT,0,231154
17,0.0,0.9754098360655737,12250.0,1,1,Dermatology,DEBin,8,TT,0,231157
18,0.0,0.9672131147540983,12501.0,1,1,Dermatology,DEBin,8,TT,0,231158
19,0.0,0.9754098360655737,12456.0,1,1,Dermatology,DEBin,8,TT,0,231159
16,0.0,0.9508196721311475,17126.0,1,1,Dermatology,DEBin,8,TT,0,231156
20,0.0,0.9590163934426229,13265.0,1,1,Dermatology,DEBin,8,TT,0,231160
21,0.0,0.9672131147540983,12156.0,1,1,Dermatology,DEBin,8,TT,0,231161
26,0.0,0.9672131147540983,12156.0,1,1,Dermatology,DEBin,8,TT,0,231166
27,0.0,0.9426229508196722,12234.0,1,1,Dermatology,DEBin,8,TT,0,231167
28,0.0,0.9672131147540983,12487.0,1,1,Dermatology,DEBin,8,TT,0,231168
29,0.0,0.9754098360655737,12234.0,1,1,Dermatology,DEBin,8,TT,0,231169
23,0.0,0.9918032786885246,15203.0,1,1,Dermatology,DEBin,8,TT,0,231163
31,0.0,0.9508196721311475,12109.0,1,1,Dermatology,DEBin,8,TT,0,231171
30,0.0,0.9672131147540983,12203.0,1,1,Dermatology,DEBin,8,TT,0,231170
22,0.0,0.9754098360655737,15672.0,1,1,Dermatology,DEBin,8,TT,0,231162
32,0.0,0.9672131147540983,12157.0,1,1,Dermatology,DEBin,8,TT,0,231172
34,0.0,0.9590163934426229,12307.0,1,1,Dermatology,DEBin,8,TT,0,231174
33,0.0,0.9590163934426229,12525.0,1,1,Dermatology,DEBin,8,TT,0,231173
24,0.0,0.9590163934426229,16373.0,1,1,Dermatology,DEBin,8,TT,0,231164
25,0.0,0.9590163934426229,16141.0,1,1,Dermatology,DEBin,8,TT,0,231165