
0,0.08095238095238096,0.79,9140.0,1,1,Vertebral2C,DEBin,8,TT,0,230825
1,0.08095238095238096,0.84,9125.0,1,1,Vertebral2C,DEBin,8,TT,0,230826
5,0.08095238095238096,0.8200000000000001,9140.0,1,1,Vertebral2C,DEBin,8,TT,0,230830
10,0.08095238095238096,0.79,9211.0,1,1,Vertebral2C,DEBin,8,TT,0,230835
11,0.08095238095238096,0.8200000000000001,8930.0,1,1,Vertebral2C,DEBin,8,TT,0,230836
7,0.08571428571428572,0.8,9779.0,1,1,Vertebral2C,DEBin,8,TT,0,230832
6,0.08095238095238096,0.83,9835.0,1,1,Vertebral2C,DEBin,8,TT,0,230831
12,0.08571428571428574,0.8,9047.0,1,1,Vertebral2C,DEBin,8,TT,0,230837
13,0.080952380952381,0.8200000000000001,9047.0,1,1,Vertebral2C,DEBin,8,TT,0,230838
16,0.08571428571428572,0.81,9029.0,1,1,Vertebral2C,DEBin,8,TT,0,230841
3,0.08095238095238096,0.8,11328.0,1,1,Vertebral2C,DEBin,8,TT,0,230828
18,0.08571428571428572,0.86,9204.0,1,1,Vertebral2C,DEBin,8,TT,0,230843
19,0.08095238095238096,0.8200000000000001,9208.0,1,1,Vertebral2C,DEBin,8,TT,0,230844
20,0.08095238095238096,0.81,9086.0,1,1,Vertebral2C,DEBin,8,TT,0,230845
8,0.08095238095238096,0.85,11454.0,1,1,Vertebral2C,DEBin,8,TT,0,230833
12,0.08571428571428572,0.8,11062.0,1,1,Vertebral2C,DEBin,8,TT,0,230837
21,0.08095238095238096,0.83,9125.0,1,1,Vertebral2C,DEBin,8,TT,0,230846
4,0.08571428571428572,0.8,11980.0,1,1,Vertebral2C,DEBin,8,TT,0,230829
22,0.08571428571428574,0.81,9109.0,1,1,Vertebral2C,DEBin,8,TT,0,230847
23,0.08095238095238096,0.83,9189.0,1,1,Vertebral2C,DEBin,8,TT,0,230848
25,0.08095238095238096,0.79,9093.0,1,1,Vertebral2C,DEBin,8,TT,0,230850
24,0.08095238095238096,0.8,9125.0,1,1,Vertebral2C,DEBin,8,TT,0,230849
15,0.08095238095238096,0.8200000000000001,10545.0,1,1,Vertebral2C,DEBin,8,TT,0,230840
27,0.08571428571428572,0.8,9155.0,1,1,Vertebral2C,DEBin,8,TT,0,230852
30,0.080952380952381,0.8,9140.0,1,1,Vertebral2C,DEBin,8,TT,0,230855
9,0.08095238095238096,0.8200000000000001,12789.0,1,1,Vertebral2C,DEBin,8,TT,0,230834
28,0.0761904761904762,0.78,10038.0,1,1,Vertebral2C,DEBin,8,TT,0,230853
32,0.08095238095238096,0.84,10098.0,1,1,Vertebral2C,DEBin,8,TT,0,230857
14,0.08095238095238096,0.8200000000000001,12888.0,1,1,Vertebral2C,DEBin,8,TT,0,230839
26,0.08095238095238096,0.83,11266.0,1,1,Vertebral2C,DEBin,8,TT,0,230851
29,0.08095238095238096,0.81,11963.0,1,1,Vertebral2C,DEBin,8,TT,0,230854
31,0.08571428571428572,0.8,11900.0,1,1,Vertebral2C,DEBin,8,TT,0,230856
34,0.08095238095238096,0.83,11547.0,1,1,Vertebral2C,DEBin,8,TT,0,230859
33,0.08095238095238096,0.81,11703.0,1,1,Vertebral2C,DEBin,8,TT,0,230858
25,0.08095238095238096,0.79,12819.0,1,1,Vertebral2C,DEBin,8,TT,0,230850
1,0.08095238095238096,0.84,10159.0,1,1,Vertebral2C,DEBin,8,TT,0,231701
5,0.08095238095238096,0.8200000000000001,9029.0,1,1,Vertebral2C,DEBin,8,TT,0,231705
6,0.08095238095238096,0.83,9342.0,1,1,Vertebral2C,DEBin,8,TT,0,231706
3,0.08095238095238096,0.8,11141.0,1,1,Vertebral2C,DEBin,8,TT,0,231703
2,0.08571428571428572,0.8200000000000001,11422.0,1,1,Vertebral2C,DEBin,8,TT,0,231702
4,0.08571428571428572,0.8,11313.0,1,1,Vertebral2C,DEBin,8,TT,0,231704
8,0.08095238095238096,0.85,9657.0,1,1,Vertebral2C,DEBin,8,TT,0,231708
10,0.08095238095238096,0.79,10339.0,1,1,Vertebral2C,DEBin,8,TT,0,231710
12,0.08571428571428572,0.8,9703.0,1,1,Vertebral2C,DEBin,8,TT,0,231712
7,0.08571428571428572,0.8,11296.0,1,1,Vertebral2C,DEBin,8,TT,0,231707
9,0.08095238095238096,0.8200000000000001,11328.0,1,1,Vertebral2C,DEBin,8,TT,0,231709
11,0.08095238095238096,0.8200000000000001,11562.0,1,1,Vertebral2C,DEBin,8,TT,0,231711
13,0.08095238095238096,0.8200000000000001,11250.0,1,1,Vertebral2C,DEBin,8,TT,0,231713
13,0.08095238095238096,0.8200000000000001,12787.0,1,1,Vertebral2C,DEBin,8,TT,0,231713
15,0.08095238095238096,0.8200000000000001,9041.0,1,1,Vertebral2C,DEBin,8,TT,0,231715
14,0.08095238095238096,0.8200000000000001,10270.0,1,1,Vertebral2C,DEBin,8,TT,0,231714
16,0.08571428571428572,0.81,9380.0,1,1,Vertebral2C,DEBin,8,TT,0,231716
20,0.08095238095238096,0.81,9656.0,1,1,Vertebral2C,DEBin,8,TT,0,231720
17,0.08095238095238096,0.8200000000000001,10953.0,1,1,Vertebral2C,DEBin,8,TT,0,231717
19,0.08095238095238096,0.8200000000000001,11469.0,1,1,Vertebral2C,DEBin,8,TT,0,231719
23,0.08095238095238096,0.83,9578.0,1,1,Vertebral2C,DEBin,8,TT,0,231723
18,0.08571428571428572,0.86,11640.0,1,1,Vertebral2C,DEBin,8,TT,0,231718
22,0.08571428571428572,0.81,10365.0,1,1,Vertebral2C,DEBin,8,TT,0,231722
25,0.08095238095238096,0.79,10984.0,1,1,Vertebral2C,DEBin,8,TT,0,231725
24,0.08095238095238096,0.8,11531.0,1,1,Vertebral2C,DEBin,8,TT,0,231724
29,0.08095238095238096,0.81,9069.0,1,1,Vertebral2C,DEBin,8,TT,0,231729
21,0.08095238095238096,0.83,12832.0,1,1,Vertebral2C,DEBin,8,TT,0,231721
27,0.08571428571428572,0.8,11531.0,1,1,Vertebral2C,DEBin,8,TT,0,231727
28,0.0761904761904762,0.78,11046.0,1,1,Vertebral2C,DEBin,8,TT,0,231728
32,0.08095238095238096,0.84,8982.0,1,1,Vertebral2C,DEBin,8,TT,0,231732
26,0.08095238095238096,0.83,12977.0,1,1,Vertebral2C,DEBin,8,TT,0,231726
33,0.08095238095238096,0.81,10257.0,1,1,Vertebral2C,DEBin,8,TT,0,231733
34,0.08095238095238096,0.83,9347.0,1,1,Vertebral2C,DEBin,8,TT,0,231734
31,0.08571428571428572,0.8,12570.0,1,1,Vertebral2C,DEBin,8,TT,0,231731