
0,0.021428571428571352,0.9714285714285714,6503.0,1,1,Seeds,GHS,3,CV,0,22890
1,0.021428571428571352,0.9714285714285714,7766.0,1,1,Seeds,GHS,3,CV,0,22891
2,0.02857142857142847,0.9571428571428572,6522.0,1,1,Seeds,GHS,3,CV,0,22892
3,0.03571428571428581,0.9571428571428572,7703.0,1,1,Seeds,GHS,3,CV,0,22893
5,0.03571428571428559,0.9428571428571428,6611.0,1,1,Seeds,GHS,3,CV,0,22895
4,0.02857142857142847,0.9857142857142858,7687.0,1,1,Seeds,GHS,3,CV,0,22894
7,0.03571428571428581,0.9714285714285714,6572.0,1,1,Seeds,GHS,3,CV,0,22897
6,0.02857142857142847,0.9857142857142858,7718.0,1,1,Seeds,GHS,3,CV,0,22896
8,0.03571428571428581,0.9714285714285714,7766.0,1,1,Seeds,GHS,3,CV,0,22898
9,0.02857142857142847,0.9714285714285714,6567.0,1,1,Seeds,GHS,3,CV,0,22899
10,0.03571428571428581,0.9571428571428572,7719.0,1,1,Seeds,GHS,3,CV,0,22900
11,0.03571428571428559,0.9714285714285714,7734.0,1,1,Seeds,GHS,3,CV,0,22901
12,0.03571428571428559,0.9714285714285714,6548.0,1,1,Seeds,GHS,3,CV,0,22902
13,0.03571428571428559,0.9857142857142858,7781.0,1,1,Seeds,GHS,3,CV,0,22903
14,0.02857142857142847,0.9428571428571428,7750.0,1,1,Seeds,GHS,3,CV,0,22904
15,0.021428571428571352,0.9571428571428572,6552.0,1,1,Seeds,GHS,3,CV,0,22905
16,0.03571428571428581,0.9714285714285714,7750.0,1,1,Seeds,GHS,3,CV,0,22906
17,0.03571428571428559,0.9428571428571428,7734.0,1,1,Seeds,GHS,3,CV,0,22907
18,0.03571428571428581,0.9571428571428572,6593.0,1,1,Seeds,GHS,3,CV,0,22908
19,0.03571428571428581,0.9428571428571428,7735.0,1,1,Seeds,GHS,3,CV,0,22909
21,0.03571428571428581,0.9714285714285714,7719.0,1,1,Seeds,GHS,3,CV,0,22911
20,0.02857142857142847,0.9428571428571428,8135.0,1,1,Seeds,GHS,3,CV,0,22910
22,0.02857142857142847,0.9571428571428572,6554.0,1,1,Seeds,GHS,3,CV,0,22912
23,0.03571428571428581,0.9571428571428572,6234.0,1,1,Seeds,GHS,3,CV,0,22913
25,0.02857142857142847,0.9714285714285714,6062.0,1,1,Seeds,GHS,3,CV,0,22915
24,0.02857142857142847,0.9714285714285714,8547.0,1,1,Seeds,GHS,3,CV,0,22914
27,0.021428571428571352,0.9714285714285714,6384.0,1,1,Seeds,GHS,3,CV,0,22917
26,0.03571428571428581,0.9285714285714286,6777.0,1,1,Seeds,GHS,3,CV,0,22916
31,0.03571428571428559,0.9714285714285714,6544.0,1,1,Seeds,GHS,3,CV,0,22921
28,0.02857142857142847,0.9714285714285714,7735.0,1,1,Seeds,GHS,3,CV,0,22918
31,0.03571428571428559,0.9714285714285714,6818.0,1,1,Seeds,GHS,3,CV,0,22921
29,0.03571428571428559,0.9285714285714286,7719.0,1,1,Seeds,GHS,3,CV,0,22919
34,0.021428571428571352,0.9428571428571428,6172.0,1,1,Seeds,GHS,3,CV,0,22924
33,0.03571428571428581,0.9571428571428572,6724.0,1,1,Seeds,GHS,3,CV,0,22923
30,0.02857142857142847,0.9428571428571428,8178.0,1,1,Seeds,GHS,3,CV,0,22920
32,0.03571428571428559,0.9285714285714286,11178.0,1,1,Seeds,GHS,3,CV,0,22922