
0,0.023684210526315752,0.9526315789473684,19030.0,1,1,Wdbc,GHS,5,CV,0,26040
1,0.023684210526315752,0.9578947368421052,17536.0,1,1,Wdbc,GHS,5,CV,0,26041
2,0.023684210526315752,0.968421052631579,16329.0,1,1,Wdbc,GHS,5,CV,0,26042
2,0.023684210526315752,0.968421052631579,16598.0,1,1,Wdbc,GHS,5,CV,0,26042
4,0.021052631578947212,0.9631578947368421,16305.0,1,1,Wdbc,GHS,5,CV,0,26044
5,0.026315789473684292,0.9631578947368421,18694.0,1,1,Wdbc,GHS,5,CV,0,26045
7,0.023684210526315752,0.9526315789473684,18284.0,1,1,Wdbc,GHS,5,CV,0,26047
6,0.021052631578947434,0.9578947368421052,21406.0,1,1,Wdbc,GHS,5,CV,0,26046
12,0.023684210526315752,0.968421052631579,16347.0,1,1,Wdbc,GHS,5,CV,0,26052
10,0.021052631578947212,0.9578947368421052,17599.0,1,1,Wdbc,GHS,5,CV,0,26050
8,0.02112375533428157,0.9421052631578948,18812.0,1,1,Wdbc,GHS,5,CV,0,26048
9,0.026315789473684292,0.9578947368421052,19024.0,1,1,Wdbc,GHS,5,CV,0,26049
14,0.023684210526315752,0.9578947368421052,16537.0,1,1,Wdbc,GHS,5,CV,0,26054
11,0.023684210526315752,0.9473684210526316,18282.0,1,1,Wdbc,GHS,5,CV,0,26051
15,0.021052631578947212,0.9578947368421052,17208.0,1,1,Wdbc,GHS,5,CV,0,26055
16,0.023684210526315752,0.968421052631579,16282.0,1,1,Wdbc,GHS,5,CV,0,26056
17,0.026386913229018427,0.9578947368421052,17177.0,1,1,Wdbc,GHS,5,CV,0,26057
13,0.021052631578947212,0.9631578947368421,23654.0,1,1,Wdbc,GHS,5,CV,0,26053
18,0.02375533428165011,0.9578947368421052,18807.0,1,1,Wdbc,GHS,5,CV,0,26058
19,0.026386913229018427,0.9789473684210527,18266.0,1,1,Wdbc,GHS,5,CV,0,26059
22,0.023684210526315752,0.9578947368421052,16341.0,1,1,Wdbc,GHS,5,CV,0,26062
23,0.023684210526315752,0.9526315789473684,17654.0,1,1,Wdbc,GHS,5,CV,0,26063
26,0.021052631578947212,0.968421052631579,16519.0,1,1,Wdbc,GHS,5,CV,0,26066
24,0.023684210526315752,0.9578947368421052,18788.0,1,1,Wdbc,GHS,5,CV,0,26064
25,0.02112375533428157,0.9368421052631579,18971.0,1,1,Wdbc,GHS,5,CV,0,26065
20,0.023755334281649887,0.9631578947368421,21484.0,1,1,Wdbc,GHS,5,CV,0,26060
27,0.026315789473684292,0.9736842105263158,18328.0,1,1,Wdbc,GHS,5,CV,0,26067
29,0.021052631578947212,0.9631578947368421,16337.0,1,1,Wdbc,GHS,5,CV,0,26069
28,0.023684210526315752,0.9526315789473684,17160.0,1,1,Wdbc,GHS,5,CV,0,26068
21,0.023684210526315752,0.9631578947368421,21597.0,1,1,Wdbc,GHS,5,CV,0,26061
30,0.015789473684210464,0.9736842105263158,17221.0,1,1,Wdbc,GHS,5,CV,0,26070
32,0.023684210526315752,0.9526315789473684,18728.0,1,1,Wdbc,GHS,5,CV,0,26072
31,0.023684210526315752,0.9631578947368421,23731.0,1,1,Wdbc,GHS,5,CV,0,26071
33,0.023684210526315752,0.9736842105263158,18323.0,1,1,Wdbc,GHS,5,CV,0,26073
34,0.023684210526315752,0.9631578947368421,16416.0,1,1,Wdbc,GHS,5,CV,0,26074
3,0.023684210526315787,0.9631578947368421,20201.0,1,1,Wdbc,GHS,5,CV,0,26043