
0,0.35,0.5561497326203209,8875.0,1,1,SPECTF,IHS,0,TT,0,152285
1,0.32499999999999996,0.320855614973262,8999.0,1,1,SPECTF,IHS,0,TT,0,152286
3,0.35,0.3743315508021391,8422.0,1,1,SPECTF,IHS,0,TT,0,152288
3,0.35,0.3743315508021391,9051.0,1,1,SPECTF,IHS,0,TT,0,152288
2,0.375,0.4812834224598931,9703.0,1,1,SPECTF,IHS,0,TT,0,152287
7,0.36250000000000004,0.6470588235294117,7219.0,1,1,SPECTF,IHS,0,TT,0,152292
5,0.375,0.4919786096256684,8312.0,1,1,SPECTF,IHS,0,TT,0,152290
8,0.36250000000000004,0.8235294117647058,7776.0,1,1,SPECTF,IHS,0,TT,0,152293
6,0.36250000000000004,0.3850267379679144,8828.0,1,1,SPECTF,IHS,0,TT,0,152291
10,0.36250000000000004,0.4866310160427807,8734.0,1,1,SPECTF,IHS,0,TT,0,152295
10,0.36250000000000004,0.4866310160427807,8781.0,1,1,SPECTF,IHS,0,TT,0,152295
9,0.375,0.7593582887700535,10165.0,1,1,SPECTF,IHS,0,TT,0,152294
12,0.35,0.6898395721925134,8891.0,1,1,SPECTF,IHS,0,TT,0,152297
11,0.36250000000000004,0.7005347593582888,10107.0,1,1,SPECTF,IHS,0,TT,0,152296
13,0.375,0.7967914438502673,8454.0,1,1,SPECTF,IHS,0,TT,0,152298
13,0.375,0.7967914438502673,9063.0,1,1,SPECTF,IHS,0,TT,0,152298
15,0.36250000000000004,0.7486631016042781,7250.0,1,1,SPECTF,IHS,0,TT,0,152300
14,0.375,0.8716577540106951,9294.0,1,1,SPECTF,IHS,0,TT,0,152299
14,0.375,0.8716577540106951,9812.0,1,1,SPECTF,IHS,0,TT,0,152299
16,0.375,0.6631016042780749,8187.0,1,1,SPECTF,IHS,0,TT,0,152301
17,0.3375,0.7112299465240641,7717.0,1,1,SPECTF,IHS,0,TT,0,152302
18,0.375,0.6631016042780749,8797.0,1,1,SPECTF,IHS,0,TT,0,152303
19,0.36250000000000004,0.3582887700534759,8750.0,1,1,SPECTF,IHS,0,TT,0,152304
21,0.3375,0.6417112299465241,8875.0,1,1,SPECTF,IHS,0,TT,0,152306
23,0.36250000000000004,0.5508021390374331,8906.0,1,1,SPECTF,IHS,0,TT,0,152308
25,0.3375,0.5026737967914439,8438.0,1,1,SPECTF,IHS,0,TT,0,152310
20,0.36250000000000004,0.8609625668449198,10516.0,1,1,SPECTF,IHS,0,TT,0,152305
22,0.35,0.625668449197861,10061.0,1,1,SPECTF,IHS,0,TT,0,152307
28,0.35,0.6684491978609626,7250.0,1,1,SPECTF,IHS,0,TT,0,152313
27,0.3375,0.6737967914438503,9062.0,1,1,SPECTF,IHS,0,TT,0,152312
24,0.36250000000000004,0.6310160427807487,10068.0,1,1,SPECTF,IHS,0,TT,0,152309
32,0.35,0.572192513368984,7752.0,1,1,SPECTF,IHS,0,TT,0,152317
29,0.36250000000000004,0.6363636363636364,9043.0,1,1,SPECTF,IHS,0,TT,0,152314
31,0.36250000000000004,0.7754010695187166,8281.0,1,1,SPECTF,IHS,0,TT,0,152316
30,0.36250000000000004,0.53475935828877,9688.0,1,1,SPECTF,IHS,0,TT,0,152315
32,0.35,0.572192513368984,8750.0,1,1,SPECTF,IHS,0,TT,0,152317
33,0.36250000000000004,0.8181818181818181,8657.0,1,1,SPECTF,IHS,0,TT,0,152318
34,0.375,0.5614973262032086,8813.0,1,1,SPECTF,IHS,0,TT,0,152319
4,0.35,0.4278074866310161,10343.0,1,1,SPECTF,IHS,0,TT,0,152289
26,0.35,0.49732620320855614,10438.0,1,1,SPECTF,IHS,0,TT,0,152311