
5,0.6853934449105814,0.8042453128880928,18472.0,1,1,Sensory,IHS,10,TT,0,167410
8,0.6826798613385191,0.7561193984255096,18231.0,1,1,Sensory,IHS,10,TT,0,167413
2,0.6661116955804025,0.7683827721141322,19726.0,1,1,Sensory,IHS,10,TT,0,167407
11,0.6792937491493276,0.7423433633962755,18344.0,1,1,Sensory,IHS,10,TT,0,167416
12,0.6840805739142388,0.7815276082374578,18418.0,1,1,Sensory,IHS,10,TT,0,167417
0,0.6854018869465893,0.771358103416316,22750.0,1,1,Sensory,IHS,10,TT,0,167405
4,0.683668081136601,0.7901171686964678,22313.0,1,1,Sensory,IHS,10,TT,0,167409
2,0.6661116955804025,0.7683827721141322,23250.0,1,1,Sensory,IHS,10,TT,0,167407
7,0.6842217418127785,0.7337464281534328,22516.0,1,1,Sensory,IHS,10,TT,0,167412
6,0.6875958625697735,0.7979869359254848,23667.0,1,1,Sensory,IHS,10,TT,0,167411
9,0.675064760385106,0.81532490091565,22985.0,1,1,Sensory,IHS,10,TT,0,167414
14,0.6752664055385726,0.7450108717349502,18706.0,1,1,Sensory,IHS,10,TT,0,167419
13,0.6874266998284665,0.7420082790501942,23114.0,1,1,Sensory,IHS,10,TT,0,167418
14,0.6752664055385726,0.7450108717349502,23327.0,1,1,Sensory,IHS,10,TT,0,167419
14,0.6752664055385726,0.7450108717349502,23953.0,1,1,Sensory,IHS,10,TT,0,167419
16,0.6691532484601813,0.7696686250246967,23306.0,1,1,Sensory,IHS,10,TT,0,167421
17,0.6808317997467525,0.7702011737182548,23284.0,1,1,Sensory,IHS,10,TT,0,167422
10,0.6801431036778526,0.7568941594619782,29828.0,1,1,Sensory,IHS,10,TT,0,167415
18,0.6860447480621394,0.7878773213779212,18458.0,1,1,Sensory,IHS,10,TT,0,167423
19,0.67000008709271,0.7362152509457817,18176.0,1,1,Sensory,IHS,10,TT,0,167424
21,0.6785780758647045,0.7916627261542272,18452.0,1,1,Sensory,IHS,10,TT,0,167426
23,0.6877016467508561,0.8077773339876322,18460.0,1,1,Sensory,IHS,10,TT,0,167428
20,0.6837468698770862,0.7570391391620701,19685.0,1,1,Sensory,IHS,10,TT,0,167425
31,0.6737319730765504,0.7315269330946609,18581.0,1,1,Sensory,IHS,10,TT,0,167436
24,0.6857074978788363,0.7921190936786696,22672.0,1,1,Sensory,IHS,10,TT,0,167429
28,0.6840900603324854,0.801350606072298,22531.0,1,1,Sensory,IHS,10,TT,0,167433
26,0.6834861905560223,0.7911462762993194,23110.0,1,1,Sensory,IHS,10,TT,0,167431
27,0.691937908990322,0.7753509140726038,23235.0,1,1,Sensory,IHS,10,TT,0,167432
30,0.6841387232454977,0.6969427692381761,23015.0,1,1,Sensory,IHS,10,TT,0,167435
29,0.6821380825534029,0.7764755209729294,23457.0,1,1,Sensory,IHS,10,TT,0,167434
32,0.681191982062227,0.7376336120050901,23106.0,1,1,Sensory,IHS,10,TT,0,167437
33,0.6824783152740673,0.7408773438970173,23404.0,1,1,Sensory,IHS,10,TT,0,167438
34,0.6882410527411742,0.7528035969909008,23750.0,1,1,Sensory,IHS,10,TT,0,167439
34,0.6882410527411742,0.7528035969909008,23228.0,1,1,Sensory,IHS,10,TT,0,167439
3,0.6767935994037411,0.7738028427776026,18235.0,1,1,Sensory,IHS,10,TT,0,167408
15,0.676134741461109,0.7505800724025562,17313.0,1,1,Sensory,IHS,10,TT,0,167420
22,0.6736055390798488,0.7498699005524987,19302.0,1,1,Sensory,IHS,10,TT,0,167427
1,0.6843574445421071,0.7683349792901774,22498.0,1,1,Sensory,IHS,10,TT,0,167406
25,0.6847388228089605,0.7623476170826076,22563.0,1,1,Sensory,IHS,10,TT,0,167430