
1,0.3535282686503002,5.084432018485426,10547.0,1,1,BodyFat,IHS,11,TT,0,169016
2,0.3558384076276491,5.0415688530758205,11640.0,1,1,BodyFat,IHS,11,TT,0,169017
3,0.3491651419064985,4.543070165629612,13607.0,1,1,BodyFat,IHS,11,TT,0,169018
3,0.3491651419064985,4.543070165629612,8531.0,1,1,BodyFat,IHS,11,TT,0,169018
5,0.3513244246290707,5.1600057820936085,8750.0,1,1,BodyFat,IHS,11,TT,0,169020
7,0.3418848539997189,4.595612593488914,8812.0,1,1,BodyFat,IHS,11,TT,0,169022
10,0.35076574843958463,4.52725067861743,8422.0,1,1,BodyFat,IHS,11,TT,0,169025
7,0.3418848539997189,4.595612593488914,8781.0,1,1,BodyFat,IHS,11,TT,0,169022
9,0.34781844215282687,3.9194707479741626,8765.0,1,1,BodyFat,IHS,11,TT,0,169024
6,0.3501827962437292,4.905064367816203,9055.0,1,1,BodyFat,IHS,11,TT,0,169021
8,0.3559811061037563,4.264700767059044,9064.0,1,1,BodyFat,IHS,11,TT,0,169023
11,0.3509935262091429,4.864779262968307,8813.0,1,1,BodyFat,IHS,11,TT,0,169026
12,0.3502582859150323,4.9139052848801485,8781.0,1,1,BodyFat,IHS,11,TT,0,169027
13,0.35340718696121876,5.62872013099652,9096.0,1,1,BodyFat,IHS,11,TT,0,169028
4,0.3477926269495681,4.49354871039443,10625.0,1,1,BodyFat,IHS,11,TT,0,169019
13,0.35340718696121876,5.62872013099652,9000.0,1,1,BodyFat,IHS,11,TT,0,169028
16,0.3484917485428672,3.9319248338876553,8860.0,1,1,BodyFat,IHS,11,TT,0,169031
14,0.3575260915432206,3.9017786385989894,9538.0,1,1,BodyFat,IHS,11,TT,0,169029
17,0.3445408726778116,4.7491416158234765,8438.0,1,1,BodyFat,IHS,11,TT,0,169032
23,0.3503878130818487,4.152448046480179,9035.0,1,1,BodyFat,IHS,11,TT,0,169038
24,0.35902600903217596,4.7404136849020455,8750.0,1,1,BodyFat,IHS,11,TT,0,169039
26,0.33806545127226195,4.58751202799533,8766.0,1,1,BodyFat,IHS,11,TT,0,169041
29,0.3549247788285316,4.321295327453404,8672.0,1,1,BodyFat,IHS,11,TT,0,169044
22,0.3485447721427642,5.070450365739128,10593.0,1,1,BodyFat,IHS,11,TT,0,169037
31,0.3514272484837458,4.2996074833607905,8863.0,1,1,BodyFat,IHS,11,TT,0,169046
29,0.3549247788285316,4.321295327453404,9088.0,1,1,BodyFat,IHS,11,TT,0,169044
32,0.3518544190702186,3.706731142003639,9109.0,1,1,BodyFat,IHS,11,TT,0,169047
15,0.34878259085578434,3.718910374777928,11640.0,1,1,BodyFat,IHS,11,TT,0,169030
23,0.3503878130818487,4.152448046480179,10625.0,1,1,BodyFat,IHS,11,TT,0,169038
17,0.3445408726778116,4.7491416158234765,12154.0,1,1,BodyFat,IHS,11,TT,0,169032
25,0.34491632947136236,5.115849941039523,11029.0,1,1,BodyFat,IHS,11,TT,0,169040
34,0.3570209802999296,4.856820825870194,9764.0,1,1,BodyFat,IHS,11,TT,0,169049
28,0.3460549260621193,4.442194938213714,10936.0,1,1,BodyFat,IHS,11,TT,0,169043
30,0.3571351255586905,4.223165263419226,10925.0,1,1,BodyFat,IHS,11,TT,0,169045
33,0.3562190183080812,5.039924075946481,10682.0,1,1,BodyFat,IHS,11,TT,0,169048
34,0.3570209802999296,4.856820825870194,11547.0,1,1,BodyFat,IHS,11,TT,0,169049
27,0.3540879400774766,3.8984974384017885,13670.0,1,1,BodyFat,IHS,11,TT,0,169042
18,0.3543470180775611,4.109555470201443,9831.0,1,1,BodyFat,IHS,11,TT,0,169033
20,0.35239596535218165,4.884028495461455,8750.0,1,1,BodyFat,IHS,11,TT,0,169035
19,0.35342676394386413,4.153167617837307,11393.0,1,1,BodyFat,IHS,11,TT,0,169034
0,0.3541062399614535,4.500622351830751,11734.0,1,1,BodyFat,IHS,11,TT,0,169015
21,0.3457812248973316,4.955616206238948,10120.0,1,1,BodyFat,IHS,11,TT,0,169036