
1,0.012820512820512775,0.905982905982906,13421.0,1,1,Ionosphere,IHS,11,TT,0,168246
4,0.017094017094017144,0.8547008547008547,13312.0,1,1,Ionosphere,IHS,11,TT,0,168249
3,0.012820512820512775,0.8717948717948718,13375.0,1,1,Ionosphere,IHS,11,TT,0,168248
6,0.012820512820512775,0.8803418803418803,13219.0,1,1,Ionosphere,IHS,11,TT,0,168251
7,0.012820512820512775,0.8888888888888888,13490.0,1,1,Ionosphere,IHS,11,TT,0,168252
2,0.012820512820512775,0.9145299145299145,14308.0,1,1,Ionosphere,IHS,11,TT,0,168247
8,0.008547008547008517,0.8632478632478633,13748.0,1,1,Ionosphere,IHS,11,TT,0,168253
9,0.012820512820512775,0.905982905982906,13978.0,1,1,Ionosphere,IHS,11,TT,0,168254
12,0.012820512820512775,0.8974358974358975,13301.0,1,1,Ionosphere,IHS,11,TT,0,168257
10,0.017094017094017144,0.9230769230769231,15008.0,1,1,Ionosphere,IHS,11,TT,0,168255
11,0.017094017094017144,0.8974358974358975,14923.0,1,1,Ionosphere,IHS,11,TT,0,168256
5,0.012820512820512775,0.8974358974358975,20672.0,1,1,Ionosphere,IHS,11,TT,0,168250
12,0.012820512820512775,0.8974358974358975,16047.0,1,1,Ionosphere,IHS,11,TT,0,168257
18,0.012820512820512775,0.8974358974358975,13852.0,1,1,Ionosphere,IHS,11,TT,0,168263
13,0.017094017094017144,0.8547008547008547,16938.0,1,1,Ionosphere,IHS,11,TT,0,168258
15,0.012820512820512775,0.9145299145299145,16984.0,1,1,Ionosphere,IHS,11,TT,0,168260
26,0.017094017094017144,0.905982905982906,12840.0,1,1,Ionosphere,IHS,11,TT,0,168271
17,0.012820512820512775,0.8888888888888888,17734.0,1,1,Ionosphere,IHS,11,TT,0,168262
16,0.012820512820512775,0.9145299145299145,17829.0,1,1,Ionosphere,IHS,11,TT,0,168261
16,0.012820512820512775,0.9145299145299145,17875.0,1,1,Ionosphere,IHS,11,TT,0,168261
19,0.012820512820512775,0.9316239316239316,17594.0,1,1,Ionosphere,IHS,11,TT,0,168264
20,0.012820512820512775,0.8888888888888888,17673.0,1,1,Ionosphere,IHS,11,TT,0,168265
30,0.012820512820512775,0.8632478632478633,12917.0,1,1,Ionosphere,IHS,11,TT,0,168275
24,0.012820512820512775,0.8974358974358975,15605.0,1,1,Ionosphere,IHS,11,TT,0,168269
27,0.012820512820512775,0.905982905982906,13562.0,1,1,Ionosphere,IHS,11,TT,0,168272
31,0.012820512820512775,0.9230769230769231,13235.0,1,1,Ionosphere,IHS,11,TT,0,168276
28,0.012820512820512775,0.8974358974358975,13328.0,1,1,Ionosphere,IHS,11,TT,0,168273
33,0.012820512820512775,0.8547008547008547,13147.0,1,1,Ionosphere,IHS,11,TT,0,168278
34,0.008547008547008517,0.8803418803418803,13116.0,1,1,Ionosphere,IHS,11,TT,0,168279
32,0.008547008547008517,0.8547008547008547,13297.0,1,1,Ionosphere,IHS,11,TT,0,168277
21,0.012820512820512775,0.9145299145299145,17460.0,1,1,Ionosphere,IHS,11,TT,0,168266
22,0.012820512820512775,0.8803418803418803,17769.0,1,1,Ionosphere,IHS,11,TT,0,168267
24,0.012820512820512775,0.8974358974358975,17109.0,1,1,Ionosphere,IHS,11,TT,0,168269
23,0.017094017094017144,0.8632478632478633,17936.0,1,1,Ionosphere,IHS,11,TT,0,168268
0,0.017094017094017096,0.8717948717948718,13948.0,1,1,Ionosphere,IHS,11,TT,0,168245
14,0.008547008547008548,0.905982905982906,14724.0,1,1,Ionosphere,IHS,11,TT,0,168259
25,0.01282051282051282,0.9401709401709402,16624.0,1,1,Ionosphere,IHS,11,TT,0,168270
29,0.01282051282051282,0.8632478632478633,16906.0,1,1,Ionosphere,IHS,11,TT,0,168274