
8,0.0,0.9590163934426229,13737.0,1,1,Dermatology,IHS,1,TT,0,152958
7,0.0,0.9836065573770492,13782.0,1,1,Dermatology,IHS,1,TT,0,152957
8,0.0,0.9590163934426229,14048.0,1,1,Dermatology,IHS,1,TT,0,152958
5,0.0,0.9426229508196722,14439.0,1,1,Dermatology,IHS,1,TT,0,152955
2,0.0,0.9754098360655737,14926.0,1,1,Dermatology,IHS,1,TT,0,152952
4,0.0,0.9672131147540983,14774.0,1,1,Dermatology,IHS,1,TT,0,152954
12,0.0,0.9672131147540983,14399.0,1,1,Dermatology,IHS,1,TT,0,152962
12,0.0,0.9672131147540983,14476.0,1,1,Dermatology,IHS,1,TT,0,152962
1,0.0,0.9672131147540983,16859.0,1,1,Dermatology,IHS,1,TT,0,152951
14,0.0,0.9754098360655737,15297.0,1,1,Dermatology,IHS,1,TT,0,152964
0,0.0,0.9590163934426229,18249.0,1,1,Dermatology,IHS,1,TT,0,152950
10,0.0,0.9590163934426229,17547.0,1,1,Dermatology,IHS,1,TT,0,152960
11,0.0,0.9836065573770492,17672.0,1,1,Dermatology,IHS,1,TT,0,152961
3,0.0,0.9672131147540983,17891.0,1,1,Dermatology,IHS,1,TT,0,152953
11,0.0,0.9836065573770492,18329.0,1,1,Dermatology,IHS,1,TT,0,152961
12,0.0,0.9672131147540983,17922.0,1,1,Dermatology,IHS,1,TT,0,152962
18,0.0,0.9836065573770492,16698.0,1,1,Dermatology,IHS,1,TT,0,152968
12,0.0,0.9672131147540983,18375.0,1,1,Dermatology,IHS,1,TT,0,152962
17,0.0,0.9754098360655737,17140.0,1,1,Dermatology,IHS,1,TT,0,152967
20,0.0,0.9754098360655737,13644.0,1,1,Dermatology,IHS,1,TT,0,152970
15,0.0,0.9836065573770492,17828.0,1,1,Dermatology,IHS,1,TT,0,152965
27,0.0,0.9754098360655737,13648.0,1,1,Dermatology,IHS,1,TT,0,152977
21,0.0,0.9754098360655737,14528.0,1,1,Dermatology,IHS,1,TT,0,152971
29,0.0,0.9754098360655737,13685.0,1,1,Dermatology,IHS,1,TT,0,152979
24,0.0,0.9672131147540983,14485.0,1,1,Dermatology,IHS,1,TT,0,152974
22,0.0,0.9754098360655737,14797.0,1,1,Dermatology,IHS,1,TT,0,152972
26,0.0,0.9754098360655737,14547.0,1,1,Dermatology,IHS,1,TT,0,152976
18,0.0,0.9836065573770492,18477.0,1,1,Dermatology,IHS,1,TT,0,152968
28,0.0,0.9754098360655737,16295.0,1,1,Dermatology,IHS,1,TT,0,152978
30,0.0,0.9508196721311475,13808.0,1,1,Dermatology,IHS,1,TT,0,152980
31,0.0,0.9590163934426229,14000.0,1,1,Dermatology,IHS,1,TT,0,152981
32,0.0,0.9836065573770492,14199.0,1,1,Dermatology,IHS,1,TT,0,152982
34,0.0,0.9754098360655737,14551.0,1,1,Dermatology,IHS,1,TT,0,152984
24,0.0,0.9672131147540983,22731.0,1,1,Dermatology,IHS,1,TT,0,152974
6,0.0,0.9836065573770492,13375.0,1,1,Dermatology,IHS,1,TT,0,153236
8,0.0,0.9590163934426229,13297.0,1,1,Dermatology,IHS,1,TT,0,153238
3,0.0,0.9672131147540983,14092.0,1,1,Dermatology,IHS,1,TT,0,153233
9,0.0,0.9590163934426229,14061.0,1,1,Dermatology,IHS,1,TT,0,153239
1,0.0,0.9672131147540983,16035.0,1,1,Dermatology,IHS,1,TT,0,153231
0,0.0,0.9590163934426229,17751.0,1,1,Dermatology,IHS,1,TT,0,153230
5,0.0,0.9426229508196722,16484.0,1,1,Dermatology,IHS,1,TT,0,153235
4,0.0,0.9672131147540983,16812.0,1,1,Dermatology,IHS,1,TT,0,153234
7,0.0,0.9836065573770492,17793.0,1,1,Dermatology,IHS,1,TT,0,153237
2,0.0,0.9754098360655737,18313.0,1,1,Dermatology,IHS,1,TT,0,153232
10,0.0,0.9590163934426229,16266.0,1,1,Dermatology,IHS,1,TT,0,153240
11,0.0,0.9836065573770492,17563.0,1,1,Dermatology,IHS,1,TT,0,153241
10,0.0,0.9590163934426229,18330.0,1,1,Dermatology,IHS,1,TT,0,153240
14,0.0,0.9754098360655737,17593.0,1,1,Dermatology,IHS,1,TT,0,153244
8,0.0,0.9590163934426229,21422.0,1,1,Dermatology,IHS,1,TT,0,153238
12,0.0,0.9672131147540983,19449.0,1,1,Dermatology,IHS,1,TT,0,153242
15,0.0,0.9836065573770492,18188.0,1,1,Dermatology,IHS,1,TT,0,153245
16,0.0,0.9836065573770492,18578.0,1,1,Dermatology,IHS,1,TT,0,153246
17,0.0,0.9754098360655737,13360.0,1,1,Dermatology,IHS,1,TT,0,153247
18,0.0,0.9836065573770492,13375.0,1,1,Dermatology,IHS,1,TT,0,153248
19,0.0,0.9590163934426229,14145.0,1,1,Dermatology,IHS,1,TT,0,153249
20,0.0,0.9754098360655737,14060.0,1,1,Dermatology,IHS,1,TT,0,153250
20,0.0,0.9754098360655737,16093.0,1,1,Dermatology,IHS,1,TT,0,153250
23,0.0,0.9672131147540983,16547.0,1,1,Dermatology,IHS,1,TT,0,153253
21,0.0,0.9754098360655737,17652.0,1,1,Dermatology,IHS,1,TT,0,153251
24,0.0,0.9672131147540983,16781.0,1,1,Dermatology,IHS,1,TT,0,153254
27,0.0,0.9754098360655737,16234.0,1,1,Dermatology,IHS,1,TT,0,153257
25,0.0,0.9754098360655737,17752.0,1,1,Dermatology,IHS,1,TT,0,153255
27,0.0,0.9754098360655737,17578.0,1,1,Dermatology,IHS,1,TT,0,153257
26,0.0,0.9754098360655737,18828.0,1,1,Dermatology,IHS,1,TT,0,153256
27,0.0,0.9754098360655737,18306.0,1,1,Dermatology,IHS,1,TT,0,153257
28,0.0,0.9754098360655737,17656.0,1,1,Dermatology,IHS,1,TT,0,153258
31,0.0,0.9590163934426229,13359.0,1,1,Dermatology,IHS,1,TT,0,153261
34,0.0,0.9754098360655737,13328.0,1,1,Dermatology,IHS,1,TT,0,153264
31,0.0,0.9590163934426229,17766.0,1,1,Dermatology,IHS,1,TT,0,153261
30,0.0,0.9508196721311475,19665.0,1,1,Dermatology,IHS,1,TT,0,153260
31,0.0,0.9590163934426229,18547.0,1,1,Dermatology,IHS,1,TT,0,153261
29,0.0,0.9754098360655737,21328.0,1,1,Dermatology,IHS,1,TT,0,153259
33,0.0,0.9672131147540983,14727.0,1,1,Dermatology,IHS,1,TT,0,152983
13,0.0,0.9836065573770492,14820.0,1,1,Dermatology,IHS,1,TT,0,152963
13,0.0,0.9836065573770492,14297.0,1,1,Dermatology,IHS,1,TT,0,153243
33,0.0,0.9672131147540983,19597.0,1,1,Dermatology,IHS,1,TT,0,153263