
0,0.01055408970976257,0.9578947368421052,26320.0,1,1,Wdbc,IHS,1,TT,0,153930
4,0.01055408970976257,0.968421052631579,20413.0,1,1,Wdbc,IHS,1,TT,0,153934
5,0.01055408970976257,0.9578947368421052,20441.0,1,1,Wdbc,IHS,1,TT,0,153935
2,0.01055408970976257,0.9578947368421052,25008.0,1,1,Wdbc,IHS,1,TT,0,153932
3,0.01055408970976257,0.9631578947368421,25077.0,1,1,Wdbc,IHS,1,TT,0,153933
1,0.01055408970976257,0.9421052631578948,32047.0,1,1,Wdbc,IHS,1,TT,0,153931
6,0.01055408970976257,0.9526315789473684,26323.0,1,1,Wdbc,IHS,1,TT,0,153936
8,0.01055408970976257,0.9526315789473684,20721.0,1,1,Wdbc,IHS,1,TT,0,153938
9,0.01055408970976257,0.9842105263157894,20634.0,1,1,Wdbc,IHS,1,TT,0,153939
7,0.01055408970976257,0.9631578947368421,26497.0,1,1,Wdbc,IHS,1,TT,0,153937
10,0.01055408970976257,0.9526315789473684,25242.0,1,1,Wdbc,IHS,1,TT,0,153940
11,0.01055408970976257,0.968421052631579,25092.0,1,1,Wdbc,IHS,1,TT,0,153941
13,0.01055408970976257,0.9473684210526316,25870.0,1,1,Wdbc,IHS,1,TT,0,153943
14,0.0079155672823219,0.9631578947368421,26110.0,1,1,Wdbc,IHS,1,TT,0,153944
15,0.01055408970976257,0.9631578947368421,26624.0,1,1,Wdbc,IHS,1,TT,0,153945
17,0.0079155672823219,0.968421052631579,25813.0,1,1,Wdbc,IHS,1,TT,0,153947
16,0.01055408970976257,0.968421052631579,32000.0,1,1,Wdbc,IHS,1,TT,0,153946
18,0.01055408970976257,0.9578947368421052,20310.0,1,1,Wdbc,IHS,1,TT,0,153948
19,0.01055408970976257,0.968421052631579,20334.0,1,1,Wdbc,IHS,1,TT,0,153949
17,0.0079155672823219,0.968421052631579,26440.0,1,1,Wdbc,IHS,1,TT,0,153947
20,0.01055408970976257,0.9631578947368421,26590.0,1,1,Wdbc,IHS,1,TT,0,153950
21,0.01055408970976257,0.9578947368421052,25036.0,1,1,Wdbc,IHS,1,TT,0,153951
22,0.01055408970976257,0.968421052631579,25088.0,1,1,Wdbc,IHS,1,TT,0,153952
23,0.01055408970976257,0.9526315789473684,25967.0,1,1,Wdbc,IHS,1,TT,0,153953
24,0.0079155672823219,0.9473684210526316,26161.0,1,1,Wdbc,IHS,1,TT,0,153954
25,0.0079155672823219,0.9736842105263158,26452.0,1,1,Wdbc,IHS,1,TT,0,153955
29,0.01055408970976257,0.968421052631579,20243.0,1,1,Wdbc,IHS,1,TT,0,153959
26,0.01055408970976257,0.9578947368421052,25563.0,1,1,Wdbc,IHS,1,TT,0,153956
29,0.01055408970976257,0.968421052631579,20264.0,1,1,Wdbc,IHS,1,TT,0,153959
29,0.01055408970976257,0.968421052631579,26283.0,1,1,Wdbc,IHS,1,TT,0,153959
28,0.0079155672823219,0.9631578947368421,32110.0,1,1,Wdbc,IHS,1,TT,0,153958
31,0.01055408970976257,0.9736842105263158,26899.0,1,1,Wdbc,IHS,1,TT,0,153961
32,0.0079155672823219,0.9526315789473684,24851.0,1,1,Wdbc,IHS,1,TT,0,153962
34,0.01055408970976257,0.968421052631579,24954.0,1,1,Wdbc,IHS,1,TT,0,153964
34,0.01055408970976257,0.968421052631579,26256.0,1,1,Wdbc,IHS,1,TT,0,153964
27,0.0079155672823219,0.9473684210526316,19657.0,1,1,Wdbc,IHS,1,TT,0,153957
30,0.010554089709762533,0.9789473684210527,19891.0,1,1,Wdbc,IHS,1,TT,0,153960
33,0.010554089709762533,0.968421052631579,19874.0,1,1,Wdbc,IHS,1,TT,0,153963
12,0.010554089709762533,0.9631578947368421,21488.0,1,1,Wdbc,IHS,1,TT,0,153942