
0,0.01449275362318836,0.7285714285714286,12350.0,1,1,Connectionist,IHS,4,TT,0,157570
0,0.01449275362318836,0.7285714285714286,12220.0,1,1,Connectionist,IHS,4,TT,0,157570
1,0.007246376811594235,0.7857142857142857,11891.0,1,1,Connectionist,IHS,4,TT,0,157571
2,0.01449275362318836,0.7285714285714286,11792.0,1,1,Connectionist,IHS,4,TT,0,157572
3,0.007246376811594235,0.7571428571428571,12656.0,1,1,Connectionist,IHS,4,TT,0,157573
3,0.007246376811594235,0.7571428571428571,11782.0,1,1,Connectionist,IHS,4,TT,0,157573
6,0.01449275362318836,0.7857142857142857,12000.0,1,1,Connectionist,IHS,4,TT,0,157576
7,0.01449275362318836,0.8714285714285714,11995.0,1,1,Connectionist,IHS,4,TT,0,157577
6,0.01449275362318836,0.7857142857142857,13391.0,1,1,Connectionist,IHS,4,TT,0,157576
8,0.01449275362318836,0.7571428571428571,11968.0,1,1,Connectionist,IHS,4,TT,0,157578
5,0.007246376811594235,0.7571428571428571,15080.0,1,1,Connectionist,IHS,4,TT,0,157575
15,0.007246376811594235,0.7,11938.0,1,1,Connectionist,IHS,4,TT,0,157585
13,0.01449275362318836,0.7285714285714286,12403.0,1,1,Connectionist,IHS,4,TT,0,157583
12,0.01449275362318836,0.8285714285714285,12781.0,1,1,Connectionist,IHS,4,TT,0,157582
16,0.01449275362318836,0.7,13313.0,1,1,Connectionist,IHS,4,TT,0,157586
9,0.01449275362318836,0.7,14765.0,1,1,Connectionist,IHS,4,TT,0,157579
21,0.01449275362318836,0.7285714285714286,12073.0,1,1,Connectionist,IHS,4,TT,0,157591
10,0.01449275362318836,0.7285714285714286,15055.0,1,1,Connectionist,IHS,4,TT,0,157580
20,0.007246376811594235,0.8,12166.0,1,1,Connectionist,IHS,4,TT,0,157590
23,0.007246376811594235,0.7428571428571429,12363.0,1,1,Connectionist,IHS,4,TT,0,157593
24,0.01449275362318836,0.7428571428571429,12328.0,1,1,Connectionist,IHS,4,TT,0,157594
25,0.01449275362318836,0.7714285714285715,12062.0,1,1,Connectionist,IHS,4,TT,0,157595
14,0.01449275362318836,0.8142857142857143,15413.0,1,1,Connectionist,IHS,4,TT,0,157584
28,0.007246376811594235,0.7857142857142857,11734.0,1,1,Connectionist,IHS,4,TT,0,157598
22,0.01449275362318836,0.7571428571428571,12933.0,1,1,Connectionist,IHS,4,TT,0,157592
18,0.007246376811594235,0.7142857142857143,14844.0,1,1,Connectionist,IHS,4,TT,0,157588
29,0.01449275362318836,0.7285714285714286,12203.0,1,1,Connectionist,IHS,4,TT,0,157599
30,0.01449275362318836,0.7428571428571429,11831.0,1,1,Connectionist,IHS,4,TT,0,157600
19,0.01449275362318836,0.8,15141.0,1,1,Connectionist,IHS,4,TT,0,157589
17,0.01449275362318836,0.7428571428571429,16227.0,1,1,Connectionist,IHS,4,TT,0,157587
27,0.021739130434782594,0.7571428571428571,14125.0,1,1,Connectionist,IHS,4,TT,0,157597
32,0.01449275362318836,0.7428571428571429,12579.0,1,1,Connectionist,IHS,4,TT,0,157602
31,0.007246376811594235,0.7285714285714286,13318.0,1,1,Connectionist,IHS,4,TT,0,157601
34,0.007246376811594235,0.7714285714285715,13640.0,1,1,Connectionist,IHS,4,TT,0,157604
33,0.007246376811594235,0.6571428571428571,13812.0,1,1,Connectionist,IHS,4,TT,0,157603
26,0.021739130434782608,0.7142857142857143,11047.0,1,1,Connectionist,IHS,4,TT,0,157596
4,0.007246376811594203,0.7857142857142857,13250.0,1,1,Connectionist,IHS,4,TT,0,157574
11,0.014492753623188406,0.7857142857142857,13543.0,1,1,Connectionist,IHS,4,TT,0,157581