
4,0.14215686274509798,0.6862745098039216,8609.0,1,1,Haberman,IHS,7,TT,0,162229
3,0.14215686274509798,0.6666666666666667,10367.0,1,1,Haberman,IHS,7,TT,0,162228
1,0.14215686274509798,0.6666666666666667,10952.0,1,1,Haberman,IHS,7,TT,0,162226
0,0.13725490196078427,0.6666666666666667,11094.0,1,1,Haberman,IHS,7,TT,0,162225
7,0.14215686274509798,0.696078431372549,10342.0,1,1,Haberman,IHS,7,TT,0,162232
5,0.13725490196078427,0.6862745098039216,10987.0,1,1,Haberman,IHS,7,TT,0,162230
6,0.14215686274509798,0.6568627450980392,11875.0,1,1,Haberman,IHS,7,TT,0,162231
13,0.13725490196078427,0.6568627450980392,8547.0,1,1,Haberman,IHS,7,TT,0,162238
14,0.13725490196078427,0.7058823529411764,8719.0,1,1,Haberman,IHS,7,TT,0,162239
9,0.14215686274509798,0.696078431372549,11953.0,1,1,Haberman,IHS,7,TT,0,162234
15,0.14215686274509798,0.6862745098039216,8750.0,1,1,Haberman,IHS,7,TT,0,162240
8,0.14215686274509798,0.7156862745098039,12578.0,1,1,Haberman,IHS,7,TT,0,162233
16,0.1470588235294118,0.7058823529411764,9032.0,1,1,Haberman,IHS,7,TT,0,162241
10,0.13725490196078427,0.6666666666666667,12094.0,1,1,Haberman,IHS,7,TT,0,162235
16,0.1470588235294118,0.7058823529411764,9066.0,1,1,Haberman,IHS,7,TT,0,162241
18,0.14215686274509798,0.6862745098039216,8891.0,1,1,Haberman,IHS,7,TT,0,162243
19,0.1470588235294118,0.696078431372549,8793.0,1,1,Haberman,IHS,7,TT,0,162244
25,0.14215686274509798,0.6764705882352942,8719.0,1,1,Haberman,IHS,7,TT,0,162250
20,0.14215686274509798,0.6666666666666667,9002.0,1,1,Haberman,IHS,7,TT,0,162245
22,0.14215686274509798,0.696078431372549,9094.0,1,1,Haberman,IHS,7,TT,0,162247
23,0.1470588235294118,0.6764705882352942,9114.0,1,1,Haberman,IHS,7,TT,0,162248
31,0.14215686274509798,0.6568627450980392,8743.0,1,1,Haberman,IHS,7,TT,0,162256
23,0.1470588235294118,0.6764705882352942,9143.0,1,1,Haberman,IHS,7,TT,0,162248
26,0.14215686274509798,0.7058823529411764,9091.0,1,1,Haberman,IHS,7,TT,0,162251
27,0.14215686274509798,0.7156862745098039,9063.0,1,1,Haberman,IHS,7,TT,0,162252
32,0.14215686274509798,0.6862745098039216,9000.0,1,1,Haberman,IHS,7,TT,0,162257
24,0.14215686274509798,0.696078431372549,9311.0,1,1,Haberman,IHS,7,TT,0,162249
33,0.14215686274509798,0.6666666666666667,9043.0,1,1,Haberman,IHS,7,TT,0,162258
34,0.1470588235294118,0.6764705882352942,9117.0,1,1,Haberman,IHS,7,TT,0,162259
21,0.14215686274509798,0.696078431372549,9805.0,1,1,Haberman,IHS,7,TT,0,162246
32,0.14215686274509798,0.6862745098039216,9290.0,1,1,Haberman,IHS,7,TT,0,162257
28,0.14215686274509798,0.6862745098039216,9681.0,1,1,Haberman,IHS,7,TT,0,162253
30,0.14215686274509798,0.6862745098039216,9802.0,1,1,Haberman,IHS,7,TT,0,162255
11,0.14215686274509798,0.6862745098039216,14116.0,1,1,Haberman,IHS,7,TT,0,162236
27,0.14215686274509798,0.7156862745098039,11735.0,1,1,Haberman,IHS,7,TT,0,162252
2,0.14215686274509803,0.696078431372549,11125.0,1,1,Haberman,IHS,7,TT,0,162227
12,0.13725490196078433,0.696078431372549,9539.0,1,1,Haberman,IHS,7,TT,0,162237
17,0.14215686274509803,0.696078431372549,10281.0,1,1,Haberman,IHS,7,TT,0,162242
29,0.14215686274509803,0.6568627450980392,9857.0,1,1,Haberman,IHS,7,TT,0,162254