
0,0.022727272727272707,0.6818181818181819,4698.0,1,1,Hayes,IHS,7,TT,0,162260
3,0.022727272727272707,0.6818181818181819,4975.0,1,1,Hayes,IHS,7,TT,0,162263
4,0.022727272727272707,0.5909090909090908,5246.0,1,1,Hayes,IHS,7,TT,0,162264
5,0.022727272727272707,0.6818181818181819,4904.0,1,1,Hayes,IHS,7,TT,0,162265
1,0.011363636363636354,0.6136363636363636,5655.0,1,1,Hayes,IHS,7,TT,0,162261
10,0.022727272727272707,0.7727272727272727,4453.0,1,1,Hayes,IHS,7,TT,0,162270
6,0.022727272727272707,0.6590909090909092,5563.0,1,1,Hayes,IHS,7,TT,0,162266
9,0.022727272727272707,0.6363636363636364,5226.0,1,1,Hayes,IHS,7,TT,0,162269
8,0.011363636363636354,0.5227272727272727,5578.0,1,1,Hayes,IHS,7,TT,0,162268
10,0.022727272727272707,0.7727272727272727,5620.0,1,1,Hayes,IHS,7,TT,0,162270
11,0.022727272727272707,0.6590909090909092,5535.0,1,1,Hayes,IHS,7,TT,0,162271
7,0.022727272727272707,0.75,6515.0,1,1,Hayes,IHS,7,TT,0,162267
12,0.011363636363636354,0.6363636363636364,5781.0,1,1,Hayes,IHS,7,TT,0,162272
13,0.011363636363636354,0.5454545454545454,5537.0,1,1,Hayes,IHS,7,TT,0,162273
18,0.011363636363636354,0.6818181818181819,4719.0,1,1,Hayes,IHS,7,TT,0,162278
15,0.022727272727272707,0.6590909090909092,5563.0,1,1,Hayes,IHS,7,TT,0,162275
21,0.022727272727272707,0.7272727272727273,4645.0,1,1,Hayes,IHS,7,TT,0,162281
14,0.022727272727272707,0.6818181818181819,5696.0,1,1,Hayes,IHS,7,TT,0,162274
16,0.011363636363636354,0.6590909090909092,5543.0,1,1,Hayes,IHS,7,TT,0,162276
19,0.011363636363636354,0.7045454545454546,4964.0,1,1,Hayes,IHS,7,TT,0,162279
17,0.011363636363636354,0.5,5695.0,1,1,Hayes,IHS,7,TT,0,162277
26,0.022727272727272707,0.5681818181818181,4390.0,1,1,Hayes,IHS,7,TT,0,162286
23,0.011363636363636354,0.6590909090909092,4930.0,1,1,Hayes,IHS,7,TT,0,162283
29,0.022727272727272707,0.6363636363636364,4422.0,1,1,Hayes,IHS,7,TT,0,162289
28,0.022727272727272707,0.6363636363636364,4532.0,1,1,Hayes,IHS,7,TT,0,162288
22,0.022727272727272707,0.6818181818181819,5265.0,1,1,Hayes,IHS,7,TT,0,162282
33,0.022727272727272707,0.6818181818181819,4531.0,1,1,Hayes,IHS,7,TT,0,162293
24,0.022727272727272707,0.7272727272727273,5705.0,1,1,Hayes,IHS,7,TT,0,162284
25,0.022727272727272707,0.6818181818181819,6125.0,1,1,Hayes,IHS,7,TT,0,162285
31,0.011363636363636354,0.5909090909090908,5324.0,1,1,Hayes,IHS,7,TT,0,162291
30,0.022727272727272707,0.6136363636363636,5547.0,1,1,Hayes,IHS,7,TT,0,162290
34,0.011363636363636354,0.7045454545454546,5609.0,1,1,Hayes,IHS,7,TT,0,162294
32,0.022727272727272707,0.6590909090909092,6203.0,1,1,Hayes,IHS,7,TT,0,162292
2,0.022727272727272707,0.6818181818181819,4875.0,1,1,Hayes,IHS,7,TT,0,162262
20,0.011363636363636364,0.7045454545454546,4735.0,1,1,Hayes,IHS,7,TT,0,162280
27,0.011363636363636354,0.5909090909090908,4891.0,1,1,Hayes,IHS,7,TT,0,162287