
3,1.2914130234706973,137.96013019981865,8570.0,1,1,Cpu,IHS,8,TT,0,164433
1,1.2392818070523852,135.82985201642617,8843.0,1,1,Cpu,IHS,8,TT,0,164431
0,1.305931639023015,108.91460159961686,9332.0,1,1,Cpu,IHS,8,TT,0,164430
3,1.2914130234706973,137.96013019981865,9000.0,1,1,Cpu,IHS,8,TT,0,164433
3,1.2914130234706973,137.96013019981865,9593.0,1,1,Cpu,IHS,8,TT,0,164433
5,1.2368931760316961,82.92844683664103,9157.0,1,1,Cpu,IHS,8,TT,0,164435
9,1.3415694857381735,269.1827718225086,8812.0,1,1,Cpu,IHS,8,TT,0,164439
6,1.2213387728266485,105.1225495522074,9610.0,1,1,Cpu,IHS,8,TT,0,164436
7,1.2848345806092174,126.63999473728623,9234.0,1,1,Cpu,IHS,8,TT,0,164437
12,1.3245514608946765,133.41816672797376,8588.0,1,1,Cpu,IHS,8,TT,0,164442
10,1.2923873768730407,152.81041818032426,9394.0,1,1,Cpu,IHS,8,TT,0,164440
13,1.3040171717079816,285.9189319808031,9509.0,1,1,Cpu,IHS,8,TT,0,164443
14,1.377821226919815,151.77147882927073,9368.0,1,1,Cpu,IHS,8,TT,0,164444
15,1.2831701417641384,115.13376690489423,8623.0,1,1,Cpu,IHS,8,TT,0,164445
16,1.337960518299418,243.8926898698262,8921.0,1,1,Cpu,IHS,8,TT,0,164446
18,1.3012999464228707,200.5835783058162,9593.0,1,1,Cpu,IHS,8,TT,0,164448
18,1.3012999464228707,200.5835783058162,8776.0,1,1,Cpu,IHS,8,TT,0,164448
17,1.290863126897076,508.03028248474465,10773.0,1,1,Cpu,IHS,8,TT,0,164447
19,1.314113395144116,148.27428653669432,8906.0,1,1,Cpu,IHS,8,TT,0,164449
20,1.257507757845385,122.24370407961894,9365.0,1,1,Cpu,IHS,8,TT,0,164450
20,1.257507757845385,122.24370407961894,9016.0,1,1,Cpu,IHS,8,TT,0,164450
22,1.3386687957317096,100.69926388452372,9592.0,1,1,Cpu,IHS,8,TT,0,164452
23,1.3522701832005624,96.50006425407406,9141.0,1,1,Cpu,IHS,8,TT,0,164453
24,1.3039245617348465,101.8962052778818,8781.0,1,1,Cpu,IHS,8,TT,0,164454
27,1.1888098020805944,187.66176706911702,8732.0,1,1,Cpu,IHS,8,TT,0,164457
26,1.3124767053065636,155.1912457480117,9281.0,1,1,Cpu,IHS,8,TT,0,164456
25,1.2850601508886723,79.05045023725036,9547.0,1,1,Cpu,IHS,8,TT,0,164455
27,1.1888098020805944,187.66176706911702,9492.0,1,1,Cpu,IHS,8,TT,0,164457
32,1.3524106504767166,112.74752378619166,8680.0,1,1,Cpu,IHS,8,TT,0,164462
29,1.3383202766957276,184.20529270373117,9499.0,1,1,Cpu,IHS,8,TT,0,164459
30,1.2536120362593866,165.95943841801784,9444.0,1,1,Cpu,IHS,8,TT,0,164460
33,1.3501846309607235,175.68164761016527,8953.0,1,1,Cpu,IHS,8,TT,0,164463
34,1.2354203908016248,168.48348494676492,9547.0,1,1,Cpu,IHS,8,TT,0,164464
4,1.339220970768787,103.01256775033953,7046.0,1,1,Cpu,IHS,8,TT,0,164434
8,1.1515415669880165,181.44450526848487,7027.0,1,1,Cpu,IHS,8,TT,0,164438
2,1.2317933277179078,138.95852529971526,7889.0,1,1,Cpu,IHS,8,TT,0,164432
11,1.316588843722727,181.97190581396194,7679.0,1,1,Cpu,IHS,8,TT,0,164441
28,1.2908365016385956,92.35198645469933,7787.0,1,1,Cpu,IHS,8,TT,0,164458
21,1.3910832697559063,197.07882070857283,11672.0,1,1,Cpu,IHS,8,TT,0,164451