
1,0.0,0.9032258064516129,6094.0,1,1,Zoo,IHS,8,TT,0,164326
0,0.0,0.8387096774193549,6516.0,1,1,Zoo,IHS,8,TT,0,164325
2,0.0,0.8709677419354839,6131.0,1,1,Zoo,IHS,8,TT,0,164327
3,0.0,0.9032258064516129,6923.0,1,1,Zoo,IHS,8,TT,0,164328
5,0.0,0.8709677419354839,6046.0,1,1,Zoo,IHS,8,TT,0,164330
4,0.0,0.8387096774193549,6562.0,1,1,Zoo,IHS,8,TT,0,164329
6,0.0,0.8387096774193549,6094.0,1,1,Zoo,IHS,8,TT,0,164331
8,0.0,0.9032258064516129,6061.0,1,1,Zoo,IHS,8,TT,0,164333
11,0.0,0.935483870967742,6056.0,1,1,Zoo,IHS,8,TT,0,164336
10,0.0,0.8709677419354839,6187.0,1,1,Zoo,IHS,8,TT,0,164335
14,0.0,0.8387096774193549,6093.0,1,1,Zoo,IHS,8,TT,0,164339
9,0.0,0.8387096774193549,6844.0,1,1,Zoo,IHS,8,TT,0,164334
12,0.0,0.9032258064516129,6532.0,1,1,Zoo,IHS,8,TT,0,164337
14,0.0,0.8387096774193549,6532.0,1,1,Zoo,IHS,8,TT,0,164339
16,0.0,0.8709677419354839,6094.0,1,1,Zoo,IHS,8,TT,0,164341
13,0.0,0.8709677419354839,6904.0,1,1,Zoo,IHS,8,TT,0,164338
17,0.0,0.8387096774193549,6525.0,1,1,Zoo,IHS,8,TT,0,164342
15,0.0,0.8064516129032258,6969.0,1,1,Zoo,IHS,8,TT,0,164340
21,0.0,0.9032258064516129,6078.0,1,1,Zoo,IHS,8,TT,0,164346
18,0.0,0.8387096774193549,7147.0,1,1,Zoo,IHS,8,TT,0,164343
20,0.0,0.8709677419354839,6698.0,1,1,Zoo,IHS,8,TT,0,164345
22,0.0,0.8709677419354839,6474.0,1,1,Zoo,IHS,8,TT,0,164347
19,0.0,0.8064516129032258,7063.0,1,1,Zoo,IHS,8,TT,0,164344
23,0.0,0.9032258064516129,6172.0,1,1,Zoo,IHS,8,TT,0,164348
24,0.0,0.9032258064516129,6146.0,1,1,Zoo,IHS,8,TT,0,164349
25,0.0,0.8709677419354839,6118.0,1,1,Zoo,IHS,8,TT,0,164350
26,0.0,0.935483870967742,6188.0,1,1,Zoo,IHS,8,TT,0,164351
28,0.0,0.8387096774193549,6125.0,1,1,Zoo,IHS,8,TT,0,164353
29,0.0,0.8709677419354839,6531.0,1,1,Zoo,IHS,8,TT,0,164354
29,0.0,0.8709677419354839,6546.0,1,1,Zoo,IHS,8,TT,0,164354
32,0.0,0.9032258064516129,6176.0,1,1,Zoo,IHS,8,TT,0,164357
29,0.0,0.8709677419354839,6918.0,1,1,Zoo,IHS,8,TT,0,164354
34,0.0,0.8064516129032258,6520.0,1,1,Zoo,IHS,8,TT,0,164359
33,0.0,0.9032258064516129,6933.0,1,1,Zoo,IHS,8,TT,0,164358
27,0.0,0.8709677419354839,5250.0,1,1,Zoo,IHS,8,TT,0,164352
7,0.0,0.9032258064516129,6476.0,1,1,Zoo,IHS,8,TT,0,164332
31,0.0,0.935483870967742,5469.0,1,1,Zoo,IHS,8,TT,0,164356
30,0.0,0.8387096774193549,6969.0,1,1,Zoo,IHS,8,TT,0,164355