
1,0.0580357142857143,0.8839285714285714,10063.0,1,1,Ecoli,HS,0,TT,0,116551
2,0.0580357142857143,0.8392857142857143,10485.0,1,1,Ecoli,HS,0,TT,0,116552
3,0.0580357142857143,0.875,10203.0,1,1,Ecoli,HS,0,TT,0,116553
6,0.0580357142857143,0.875,11035.0,1,1,Ecoli,HS,0,TT,0,116556
9,0.0580357142857143,0.8392857142857143,10835.0,1,1,Ecoli,HS,0,TT,0,116559
10,0.0580357142857143,0.875,10729.0,1,1,Ecoli,HS,0,TT,0,116560
0,0.0580357142857143,0.8660714285714286,13324.0,1,1,Ecoli,HS,0,TT,0,116550
12,0.0580357142857143,0.8571428571428572,10047.0,1,1,Ecoli,HS,0,TT,0,116562
0,0.0580357142857143,0.8660714285714286,14157.0,1,1,Ecoli,HS,0,TT,0,116550
8,0.0580357142857143,0.8660714285714286,13073.0,1,1,Ecoli,HS,0,TT,0,116558
4,0.0580357142857143,0.875,13250.0,1,1,Ecoli,HS,0,TT,0,116554
11,0.0580357142857143,0.8928571428571429,12672.0,1,1,Ecoli,HS,0,TT,0,116561
16,0.0580357142857143,0.8571428571428572,10078.0,1,1,Ecoli,HS,0,TT,0,116566
14,0.0580357142857143,0.8482142857142857,13406.0,1,1,Ecoli,HS,0,TT,0,116564
13,0.0580357142857143,0.8303571428571428,13813.0,1,1,Ecoli,HS,0,TT,0,116563
18,0.0580357142857143,0.8571428571428572,10250.0,1,1,Ecoli,HS,0,TT,0,116568
16,0.0580357142857143,0.8571428571428572,10422.0,1,1,Ecoli,HS,0,TT,0,116566
19,0.0535714285714286,0.8571428571428572,10125.0,1,1,Ecoli,HS,0,TT,0,116569
21,0.0580357142857143,0.8303571428571428,10699.0,1,1,Ecoli,HS,0,TT,0,116571
19,0.0535714285714286,0.8571428571428572,10948.0,1,1,Ecoli,HS,0,TT,0,116569
20,0.0580357142857143,0.8571428571428572,10890.0,1,1,Ecoli,HS,0,TT,0,116570
24,0.0580357142857143,0.8392857142857143,10015.0,1,1,Ecoli,HS,0,TT,0,116574
22,0.0580357142857143,0.875,10454.0,1,1,Ecoli,HS,0,TT,0,116572
27,0.0580357142857143,0.8660714285714286,9953.0,1,1,Ecoli,HS,0,TT,0,116577
26,0.0580357142857143,0.875,10365.0,1,1,Ecoli,HS,0,TT,0,116576
28,0.0580357142857143,0.8482142857142857,10265.0,1,1,Ecoli,HS,0,TT,0,116578
33,0.0580357142857143,0.8571428571428572,10047.0,1,1,Ecoli,HS,0,TT,0,116583
32,0.0580357142857143,0.8482142857142857,10703.0,1,1,Ecoli,HS,0,TT,0,116582
21,0.0580357142857143,0.8303571428571428,13211.0,1,1,Ecoli,HS,0,TT,0,116571
30,0.0580357142857143,0.8571428571428572,12968.0,1,1,Ecoli,HS,0,TT,0,116580
29,0.0580357142857143,0.8571428571428572,13023.0,1,1,Ecoli,HS,0,TT,0,116579
31,0.0580357142857143,0.8660714285714286,12687.0,1,1,Ecoli,HS,0,TT,0,116581
25,0.0580357142857143,0.8482142857142857,13625.0,1,1,Ecoli,HS,0,TT,0,116575
34,0.05803571428571429,0.875,14518.0,1,1,Ecoli,HS,0,TT,0,116584
7,0.05803571428571429,0.8482142857142857,10925.0,1,1,Ecoli,HS,0,TT,0,116557
17,0.05803571428571429,0.8392857142857143,11063.0,1,1,Ecoli,HS,0,TT,0,116567
15,0.05803571428571429,0.8660714285714286,11275.0,1,1,Ecoli,HS,0,TT,0,116565
23,0.05803571428571429,0.8660714285714286,10713.0,1,1,Ecoli,HS,0,TT,0,116573
5,0.05803571428571429,0.8660714285714286,13668.0,1,1,Ecoli,HS,0,TT,0,116555