
1,0.01055408970976257,0.9789473684210527,30360.0,1,1,Wdbc,HS,5,TT,0,124531
2,0.01055408970976257,0.9526315789473684,25032.0,1,1,Wdbc,HS,5,TT,0,124532
3,0.01055408970976257,0.968421052631579,24384.0,1,1,Wdbc,HS,5,TT,0,124533
4,0.01055408970976257,0.9526315789473684,24624.0,1,1,Wdbc,HS,5,TT,0,124534
5,0.01055408970976257,0.9578947368421052,24450.0,1,1,Wdbc,HS,5,TT,0,124535
6,0.0079155672823219,0.9578947368421052,24444.0,1,1,Wdbc,HS,5,TT,0,124536
7,0.01055408970976257,0.9526315789473684,29797.0,1,1,Wdbc,HS,5,TT,0,124537
9,0.01055408970976257,0.968421052631579,23797.0,1,1,Wdbc,HS,5,TT,0,124539
8,0.01055408970976257,0.968421052631579,25891.0,1,1,Wdbc,HS,5,TT,0,124538
10,0.01055408970976257,0.9736842105263158,24531.0,1,1,Wdbc,HS,5,TT,0,124540
10,0.01055408970976257,0.9736842105263158,24478.0,1,1,Wdbc,HS,5,TT,0,124540
11,0.01055408970976257,0.9631578947368421,24409.0,1,1,Wdbc,HS,5,TT,0,124541
13,0.01055408970976257,0.968421052631579,24103.0,1,1,Wdbc,HS,5,TT,0,124543
12,0.01055408970976257,0.9631578947368421,24493.0,1,1,Wdbc,HS,5,TT,0,124542
14,0.01055408970976257,0.9578947368421052,30115.0,1,1,Wdbc,HS,5,TT,0,124544
16,0.01055408970976257,0.9578947368421052,24031.0,1,1,Wdbc,HS,5,TT,0,124546
17,0.01055408970976257,0.968421052631579,24375.0,1,1,Wdbc,HS,5,TT,0,124547
15,0.0079155672823219,0.9421052631578948,29984.0,1,1,Wdbc,HS,5,TT,0,124545
18,0.01055408970976257,0.968421052631579,24235.0,1,1,Wdbc,HS,5,TT,0,124548
19,0.0079155672823219,0.968421052631579,24408.0,1,1,Wdbc,HS,5,TT,0,124549
19,0.0079155672823219,0.968421052631579,24249.0,1,1,Wdbc,HS,5,TT,0,124549
21,0.01055408970976257,0.9736842105263158,24335.0,1,1,Wdbc,HS,5,TT,0,124551
22,0.01055408970976257,0.9421052631578948,24399.0,1,1,Wdbc,HS,5,TT,0,124552
23,0.01055408970976257,0.9578947368421052,30362.0,1,1,Wdbc,HS,5,TT,0,124553
24,0.01055408970976257,0.9526315789473684,24219.0,1,1,Wdbc,HS,5,TT,0,124554
24,0.01055408970976257,0.9526315789473684,24375.0,1,1,Wdbc,HS,5,TT,0,124554
27,0.01055408970976257,0.9578947368421052,24296.0,1,1,Wdbc,HS,5,TT,0,124557
28,0.01055408970976257,0.9789473684210527,24570.0,1,1,Wdbc,HS,5,TT,0,124558
28,0.01055408970976257,0.9789473684210527,24429.0,1,1,Wdbc,HS,5,TT,0,124558
26,0.01055408970976257,0.9526315789473684,30968.0,1,1,Wdbc,HS,5,TT,0,124556
29,0.01055408970976257,0.9631578947368421,24647.0,1,1,Wdbc,HS,5,TT,0,124559
30,0.01055408970976257,0.9578947368421052,24548.0,1,1,Wdbc,HS,5,TT,0,124560
32,0.01055408970976257,0.9473684210526316,24141.0,1,1,Wdbc,HS,5,TT,0,124562
33,0.01055408970976257,0.9631578947368421,24437.0,1,1,Wdbc,HS,5,TT,0,124563
31,0.01055408970976257,0.9578947368421052,30490.0,1,1,Wdbc,HS,5,TT,0,124561
34,0.01055408970976257,0.9631578947368421,24594.0,1,1,Wdbc,HS,5,TT,0,124564
0,0.010554089709762533,0.968421052631579,19587.0,1,1,Wdbc,HS,5,TT,0,124530
20,0.010554089709762533,0.9736842105263158,19590.0,1,1,Wdbc,HS,5,TT,0,124550
25,0.010554089709762533,0.9736842105263158,23469.0,1,1,Wdbc,HS,5,TT,0,124555