
1,0.1753472222222222,0.765625,23219.0,1,1,Diabetes,HS,6,TT,0,125336
5,0.17013888888888884,0.7864583333333334,22765.0,1,1,Diabetes,HS,6,TT,0,125340
6,0.1753472222222222,0.765625,24035.0,1,1,Diabetes,HS,6,TT,0,125341
5,0.17013888888888884,0.7864583333333334,25156.0,1,1,Diabetes,HS,6,TT,0,125340
9,0.17361111111111116,0.7239583333333333,23699.0,1,1,Diabetes,HS,6,TT,0,125344
9,0.17361111111111116,0.7239583333333333,23740.0,1,1,Diabetes,HS,6,TT,0,125344
11,0.1753472222222222,0.734375,23687.0,1,1,Diabetes,HS,6,TT,0,125346
9,0.17361111111111116,0.7239583333333333,24222.0,1,1,Diabetes,HS,6,TT,0,125344
6,0.1753472222222222,0.765625,25487.0,1,1,Diabetes,HS,6,TT,0,125341
13,0.171875,0.765625,23761.0,1,1,Diabetes,HS,6,TT,0,125348
10,0.1753472222222222,0.7552083333333334,25639.0,1,1,Diabetes,HS,6,TT,0,125345
12,0.1753472222222222,0.7552083333333334,24846.0,1,1,Diabetes,HS,6,TT,0,125347
14,0.17361111111111116,0.7552083333333334,24584.0,1,1,Diabetes,HS,6,TT,0,125349
20,0.17013888888888884,0.7604166666666666,22860.0,1,1,Diabetes,HS,6,TT,0,125355
15,0.17708333333333337,0.7760416666666666,25473.0,1,1,Diabetes,HS,6,TT,0,125350
1,0.1753472222222222,0.765625,31125.0,1,1,Diabetes,HS,6,TT,0,125336
3,0.17708333333333337,0.7239583333333333,30956.0,1,1,Diabetes,HS,6,TT,0,125338
16,0.17361111111111116,0.7708333333333334,25219.0,1,1,Diabetes,HS,6,TT,0,125351
18,0.1753472222222222,0.7291666666666667,25471.0,1,1,Diabetes,HS,6,TT,0,125353
17,0.17361111111111116,0.7395833333333333,25817.0,1,1,Diabetes,HS,6,TT,0,125352
19,0.17361111111111116,0.7395833333333333,25733.0,1,1,Diabetes,HS,6,TT,0,125354
4,0.1753472222222222,0.7552083333333334,31376.0,1,1,Diabetes,HS,6,TT,0,125339
23,0.17361111111111116,0.7552083333333334,23921.0,1,1,Diabetes,HS,6,TT,0,125358
29,0.17361111111111116,0.7604166666666666,23641.0,1,1,Diabetes,HS,6,TT,0,125364
32,0.17708333333333337,0.7708333333333334,23656.0,1,1,Diabetes,HS,6,TT,0,125367
34,0.1753472222222222,0.7395833333333333,23203.0,1,1,Diabetes,HS,6,TT,0,125369
8,0.171875,0.765625,31662.0,1,1,Diabetes,HS,6,TT,0,125343
26,0.1753472222222222,0.7395833333333333,25312.0,1,1,Diabetes,HS,6,TT,0,125361
30,0.1753472222222222,0.7604166666666666,24895.0,1,1,Diabetes,HS,6,TT,0,125365
25,0.17881944444444442,0.7708333333333334,26857.0,1,1,Diabetes,HS,6,TT,0,125360
21,0.17708333333333337,0.7395833333333333,29546.0,1,1,Diabetes,HS,6,TT,0,125356
33,0.17361111111111116,0.765625,29953.0,1,1,Diabetes,HS,6,TT,0,125368
24,0.1753472222222222,0.765625,31906.0,1,1,Diabetes,HS,6,TT,0,125359
28,0.171875,0.7395833333333333,32141.0,1,1,Diabetes,HS,6,TT,0,125363
33,0.17361111111111116,0.765625,31391.0,1,1,Diabetes,HS,6,TT,0,125368
2,0.1736111111111111,0.7604166666666666,24858.0,1,1,Diabetes,HS,6,TT,0,125337
22,0.1736111111111111,0.7552083333333334,25488.0,1,1,Diabetes,HS,6,TT,0,125357
27,0.1736111111111111,0.78125,23906.0,1,1,Diabetes,HS,6,TT,0,125362
0,0.1753472222222222,0.78125,30766.0,1,1,Diabetes,HS,6,TT,0,125335
31,0.1684027777777778,0.75,24821.0,1,1,Diabetes,HS,6,TT,0,125366
7,0.16666666666666666,0.734375,31153.0,1,1,Diabetes,HS,6,TT,0,125342