
0,0.2898717948717948,0.7105263157894737,15781.0,1,1,Indian,IHS,2,CV,0,38850
1,0.29006410256410264,0.7210526315789474,15859.0,1,1,Indian,IHS,2,CV,0,38851
1,0.29006410256410264,0.7210526315789474,16007.0,1,1,Indian,IHS,2,CV,0,38851
6,0.2846794871794872,0.6842105263157895,16309.0,1,1,Indian,IHS,2,CV,0,38856
3,0.2897435897435897,0.7157894736842105,17634.0,1,1,Indian,IHS,2,CV,0,38853
4,0.28711538461538455,0.7052631578947368,20422.0,1,1,Indian,IHS,2,CV,0,38854
7,0.2848076923076922,0.7,20391.0,1,1,Indian,IHS,2,CV,0,38857
5,0.2898076923076922,0.7,21012.0,1,1,Indian,IHS,2,CV,0,38855
10,0.2898076923076922,0.6842105263157895,21641.0,1,1,Indian,IHS,2,CV,0,38860
9,0.2846794871794872,0.7315789473684211,22969.0,1,1,Indian,IHS,2,CV,0,38859
8,0.2971794871794873,0.7052631578947368,26750.0,1,1,Indian,IHS,2,CV,0,38858
12,0.29230769230769227,0.7157894736842105,15843.0,1,1,Indian,IHS,2,CV,0,38862
13,0.2924358974358975,0.6947368421052631,16032.0,1,1,Indian,IHS,2,CV,0,38863
11,0.28743589743589726,0.7315789473684211,28875.0,1,1,Indian,IHS,2,CV,0,38861
14,0.28737179487179476,0.6947368421052631,16050.0,1,1,Indian,IHS,2,CV,0,38864
15,0.29224358974358966,0.6894736842105262,16418.0,1,1,Indian,IHS,2,CV,0,38865
17,0.28192307692307694,0.6894736842105262,15703.0,1,1,Indian,IHS,2,CV,0,38867
18,0.2874358974358975,0.7,15842.0,1,1,Indian,IHS,2,CV,0,38868
19,0.2847435897435897,0.7052631578947368,15578.0,1,1,Indian,IHS,2,CV,0,38869
18,0.2874358974358975,0.7,16262.0,1,1,Indian,IHS,2,CV,0,38868
16,0.2846153846153846,0.6736842105263158,17733.0,1,1,Indian,IHS,2,CV,0,38866
20,0.29224358974358977,0.7210526315789474,15874.0,1,1,Indian,IHS,2,CV,0,38870
23,0.2897435897435897,0.7210526315789474,15797.0,1,1,Indian,IHS,2,CV,0,38873
25,0.2897435897435897,0.7105263157894737,15562.0,1,1,Indian,IHS,2,CV,0,38875
22,0.28987179487179493,0.6736842105263158,15891.0,1,1,Indian,IHS,2,CV,0,38872
24,0.29487179487179493,0.6842105263157895,15904.0,1,1,Indian,IHS,2,CV,0,38874
21,0.2794871794871794,0.7157894736842105,16557.0,1,1,Indian,IHS,2,CV,0,38871
26,0.28749999999999987,0.6736842105263158,15891.0,1,1,Indian,IHS,2,CV,0,38876
30,0.28717948717948716,0.6894736842105262,15827.0,1,1,Indian,IHS,2,CV,0,38880
29,0.2924358974358975,0.736842105263158,16088.0,1,1,Indian,IHS,2,CV,0,38879
28,0.2794230769230769,0.6947368421052631,16625.0,1,1,Indian,IHS,2,CV,0,38878
33,0.29230769230769227,0.6894736842105262,16302.0,1,1,Indian,IHS,2,CV,0,38883
32,0.2875,0.6789473684210526,16601.0,1,1,Indian,IHS,2,CV,0,38882
34,0.2924358974358974,0.6789473684210526,16670.0,1,1,Indian,IHS,2,CV,0,38884
27,0.2898076923076923,0.7157894736842105,20453.0,1,1,Indian,IHS,2,CV,0,38877
31,0.2847435897435898,0.7052631578947368,20516.0,1,1,Indian,IHS,2,CV,0,38881
2,0.2846153846153846,0.7052631578947368,19875.0,1,1,Indian,IHS,2,CV,0,38852