
0,0.021052631578947434,0.9789473684210527,17911.0,1,1,Wdbc,IHS,7,CV,0,46620
1,0.023684210526315752,0.9578947368421052,17818.0,1,1,Wdbc,IHS,7,CV,0,46621
2,0.023684210526315752,0.9578947368421052,22932.0,1,1,Wdbc,IHS,7,CV,0,46622
3,0.023684210526315752,0.9526315789473684,18684.0,1,1,Wdbc,IHS,7,CV,0,46623
4,0.02631578947368407,0.9578947368421052,17228.0,1,1,Wdbc,IHS,7,CV,0,46624
5,0.021123755334281347,0.9736842105263158,17141.0,1,1,Wdbc,IHS,7,CV,0,46625
6,0.023684210526315752,0.9736842105263158,16406.0,1,1,Wdbc,IHS,7,CV,0,46626
8,0.021052631578947212,0.9631578947368421,17951.0,1,1,Wdbc,IHS,7,CV,0,46628
10,0.023684210526315752,0.9578947368421052,16992.0,1,1,Wdbc,IHS,7,CV,0,46630
9,0.021052631578947212,0.9736842105263158,17873.0,1,1,Wdbc,IHS,7,CV,0,46629
6,0.023684210526315752,0.9736842105263158,21625.0,1,1,Wdbc,IHS,7,CV,0,46626
11,0.023684210526315752,0.968421052631579,16917.0,1,1,Wdbc,IHS,7,CV,0,46631
14,0.023684210526315752,0.9578947368421052,16531.0,1,1,Wdbc,IHS,7,CV,0,46634
13,0.023684210526315752,0.9789473684210527,18697.0,1,1,Wdbc,IHS,7,CV,0,46633
15,0.023684210526315752,0.968421052631579,17562.0,1,1,Wdbc,IHS,7,CV,0,46635
16,0.023684210526315752,0.9631578947368421,17160.0,1,1,Wdbc,IHS,7,CV,0,46636
12,0.023684210526315752,0.968421052631579,22725.0,1,1,Wdbc,IHS,7,CV,0,46632
17,0.023684210526315752,0.9631578947368421,17180.0,1,1,Wdbc,IHS,7,CV,0,46637
19,0.023684210526315752,0.968421052631579,16375.0,1,1,Wdbc,IHS,7,CV,0,46639
18,0.023684210526315752,0.968421052631579,17863.0,1,1,Wdbc,IHS,7,CV,0,46638
20,0.023684210526315752,0.9473684210526316,17962.0,1,1,Wdbc,IHS,7,CV,0,46640
21,0.026386913229018427,0.9631578947368421,17022.0,1,1,Wdbc,IHS,7,CV,0,46641
22,0.018421052631578894,0.9473684210526316,17815.0,1,1,Wdbc,IHS,7,CV,0,46642
24,0.018421052631578894,0.9842105263157894,16910.0,1,1,Wdbc,IHS,7,CV,0,46644
23,0.023755334281649887,0.9578947368421052,21547.0,1,1,Wdbc,IHS,7,CV,0,46643
25,0.021052631578947212,0.968421052631579,16468.0,1,1,Wdbc,IHS,7,CV,0,46645
24,0.018421052631578894,0.9842105263157894,22881.0,1,1,Wdbc,IHS,7,CV,0,46644
27,0.023755334281649887,0.9578947368421052,17656.0,1,1,Wdbc,IHS,7,CV,0,46647
26,0.021052631578947212,0.9736842105263158,18730.0,1,1,Wdbc,IHS,7,CV,0,46646
28,0.026315789473684292,0.9736842105263158,17156.0,1,1,Wdbc,IHS,7,CV,0,46648
31,0.023684210526315752,0.968421052631579,16374.0,1,1,Wdbc,IHS,7,CV,0,46651
30,0.023684210526315752,0.9736842105263158,17138.0,1,1,Wdbc,IHS,7,CV,0,46650
32,0.023684210526315752,0.9631578947368421,17894.0,1,1,Wdbc,IHS,7,CV,0,46652
29,0.023684210526315752,0.9526315789473684,22746.0,1,1,Wdbc,IHS,7,CV,0,46649
34,0.026315789473684292,0.968421052631579,17095.0,1,1,Wdbc,IHS,7,CV,0,46654
33,0.026315789473684292,0.9631578947368421,17965.0,1,1,Wdbc,IHS,7,CV,0,46653