
0,0.01055408970976257,0.9631578947368421,18906.0,1,1,Wdbc,GHS,6,TT,0,143640
2,0.01055408970976257,0.9526315789473684,18265.0,1,1,Wdbc,GHS,6,TT,0,143642
1,0.01055408970976257,0.9736842105263158,22891.0,1,1,Wdbc,GHS,6,TT,0,143641
3,0.01055408970976257,0.9578947368421052,24171.0,1,1,Wdbc,GHS,6,TT,0,143643
5,0.01055408970976257,0.9578947368421052,19125.0,1,1,Wdbc,GHS,6,TT,0,143645
2,0.01055408970976257,0.9526315789473684,29031.0,1,1,Wdbc,GHS,6,TT,0,143642
7,0.01055408970976257,0.9631578947368421,18141.0,1,1,Wdbc,GHS,6,TT,0,143647
8,0.01055408970976257,0.9473684210526316,18156.0,1,1,Wdbc,GHS,6,TT,0,143648
4,0.01055408970976257,0.968421052631579,23328.0,1,1,Wdbc,GHS,6,TT,0,143644
6,0.01055408970976257,0.9631578947368421,22875.0,1,1,Wdbc,GHS,6,TT,0,143646
9,0.01055408970976257,0.9526315789473684,22937.0,1,1,Wdbc,GHS,6,TT,0,143649
9,0.01055408970976257,0.9526315789473684,25047.0,1,1,Wdbc,GHS,6,TT,0,143649
14,0.01055408970976257,0.968421052631579,18891.0,1,1,Wdbc,GHS,6,TT,0,143654
12,0.01319261213720313,0.9526315789473684,23876.0,1,1,Wdbc,GHS,6,TT,0,143652
13,0.01055408970976257,0.9631578947368421,23984.0,1,1,Wdbc,GHS,6,TT,0,143653
18,0.01055408970976257,0.9473684210526316,18234.0,1,1,Wdbc,GHS,6,TT,0,143658
20,0.01319261213720313,0.9526315789473684,18172.0,1,1,Wdbc,GHS,6,TT,0,143660
15,0.01055408970976257,0.9578947368421052,22922.0,1,1,Wdbc,GHS,6,TT,0,143655
16,0.01055408970976257,0.9736842105263158,24516.0,1,1,Wdbc,GHS,6,TT,0,143656
17,0.01055408970976257,0.968421052631579,23848.0,1,1,Wdbc,GHS,6,TT,0,143657
22,0.01055408970976257,0.9578947368421052,22922.0,1,1,Wdbc,GHS,6,TT,0,143662
21,0.01055408970976257,0.9578947368421052,24063.0,1,1,Wdbc,GHS,6,TT,0,143661
19,0.01055408970976257,0.9736842105263158,26103.0,1,1,Wdbc,GHS,6,TT,0,143659
24,0.01055408970976257,0.968421052631579,22921.0,1,1,Wdbc,GHS,6,TT,0,143664
25,0.01319261213720313,0.9421052631578948,25047.0,1,1,Wdbc,GHS,6,TT,0,143665
23,0.01055408970976257,0.9473684210526316,30375.0,1,1,Wdbc,GHS,6,TT,0,143663
26,0.01055408970976257,0.9578947368421052,18797.0,1,1,Wdbc,GHS,6,TT,0,143666
29,0.01055408970976257,0.9736842105263158,18172.0,1,1,Wdbc,GHS,6,TT,0,143669
29,0.01055408970976257,0.9736842105263158,18313.0,1,1,Wdbc,GHS,6,TT,0,143669
27,0.01055408970976257,0.9578947368421052,23691.0,1,1,Wdbc,GHS,6,TT,0,143667
28,0.01055408970976257,0.9526315789473684,24406.0,1,1,Wdbc,GHS,6,TT,0,143668
31,0.01055408970976257,0.9526315789473684,23062.0,1,1,Wdbc,GHS,6,TT,0,143671
33,0.01055408970976257,0.9578947368421052,23909.0,1,1,Wdbc,GHS,6,TT,0,143673
32,0.01055408970976257,0.9473684210526316,24187.0,1,1,Wdbc,GHS,6,TT,0,143672
34,0.01055408970976257,0.9368421052631579,22797.0,1,1,Wdbc,GHS,6,TT,0,143674
11,0.010554089709762533,0.9631578947368421,19877.0,1,1,Wdbc,GHS,6,TT,0,143651
30,0.010554089709762533,0.9631578947368421,20726.0,1,1,Wdbc,GHS,6,TT,0,143670
10,0.010554089709762533,0.968421052631579,22813.0,1,1,Wdbc,GHS,6,TT,0,143650