
3,0.27717948717948704,0.6894736842105262,15109.0,1,1,Indian,DEBin,0,CV,0,103533
0,0.2946794871794871,0.7,16150.0,1,1,Indian,DEBin,0,CV,0,103530
6,0.2896794871794872,0.6842105263157895,15609.0,1,1,Indian,DEBin,0,CV,0,103536
4,0.28717948717948716,0.7157894736842105,16495.0,1,1,Indian,DEBin,0,CV,0,103534
5,0.2898076923076922,0.7105263157894737,16893.0,1,1,Indian,DEBin,0,CV,0,103535
8,0.28717948717948716,0.7,17031.0,1,1,Indian,DEBin,0,CV,0,103538
10,0.29006410256410253,0.6947368421052631,17658.0,1,1,Indian,DEBin,0,CV,0,103540
2,0.28698717948717944,0.7157894736842105,19407.0,1,1,Indian,DEBin,0,CV,0,103532
7,0.2896794871794872,0.6789473684210526,19180.0,1,1,Indian,DEBin,0,CV,0,103537
10,0.29006410256410253,0.6947368421052631,19703.0,1,1,Indian,DEBin,0,CV,0,103540
12,0.2875,0.6947368421052631,19126.0,1,1,Indian,DEBin,0,CV,0,103542
9,0.2875641025641025,0.6736842105263158,22139.0,1,1,Indian,DEBin,0,CV,0,103539
11,0.2898717948717948,0.7210526315789474,24955.0,1,1,Indian,DEBin,0,CV,0,103541
13,0.28237179487179476,0.7210526315789474,15188.0,1,1,Indian,DEBin,0,CV,0,103543
15,0.29500000000000004,0.6894736842105262,15734.0,1,1,Indian,DEBin,0,CV,0,103545
13,0.28237179487179476,0.7210526315789474,16117.0,1,1,Indian,DEBin,0,CV,0,103543
16,0.29512820512820503,0.6421052631578947,16427.0,1,1,Indian,DEBin,0,CV,0,103546
19,0.28685897435897434,0.6947368421052631,15458.0,1,1,Indian,DEBin,0,CV,0,103549
21,0.27717948717948715,0.7052631578947368,15282.0,1,1,Indian,DEBin,0,CV,0,103551
16,0.29512820512820503,0.6421052631578947,16835.0,1,1,Indian,DEBin,0,CV,0,103546
21,0.27717948717948715,0.7052631578947368,15219.0,1,1,Indian,DEBin,0,CV,0,103551
22,0.28198717948717944,0.7210526315789474,15281.0,1,1,Indian,DEBin,0,CV,0,103552
18,0.2873076923076924,0.6842105263157895,17012.0,1,1,Indian,DEBin,0,CV,0,103548
20,0.2898076923076922,0.7157894736842105,15850.0,1,1,Indian,DEBin,0,CV,0,103550
30,0.2846794871794871,0.7157894736842105,15031.0,1,1,Indian,DEBin,0,CV,0,103560
29,0.2849358974358973,0.7315789473684211,15093.0,1,1,Indian,DEBin,0,CV,0,103559
27,0.29205128205128217,0.7157894736842105,15540.0,1,1,Indian,DEBin,0,CV,0,103557
28,0.29217948717948716,0.6736842105263158,15540.0,1,1,Indian,DEBin,0,CV,0,103558
25,0.28705128205128205,0.7263157894736842,16189.0,1,1,Indian,DEBin,0,CV,0,103555
34,0.28237179487179476,0.6789473684210526,15250.0,1,1,Indian,DEBin,0,CV,0,103564
33,0.2896153846153846,0.6947368421052631,15562.0,1,1,Indian,DEBin,0,CV,0,103563
19,0.28685897435897434,0.6947368421052631,17538.0,1,1,Indian,DEBin,0,CV,0,103549
32,0.289551282051282,0.6736842105263158,16333.0,1,1,Indian,DEBin,0,CV,0,103562
24,0.28980769230769243,0.7,19641.0,1,1,Indian,DEBin,0,CV,0,103554
31,0.2849358974358973,0.6736842105263158,19171.0,1,1,Indian,DEBin,0,CV,0,103561
23,0.2923717948717949,0.7105263157894737,15563.0,1,1,Indian,DEBin,0,CV,0,103553
14,0.2898717948717949,0.6894736842105262,16218.0,1,1,Indian,DEBin,0,CV,0,103544
26,0.2923717948717949,0.6789473684210526,17088.0,1,1,Indian,DEBin,0,CV,0,103556
17,0.28724358974358977,0.7052631578947368,19844.0,1,1,Indian,DEBin,0,CV,0,103547
1,0.29230769230769227,0.7105263157894737,20063.0,1,1,Indian,DEBin,0,CV,0,103531