
2,0.08095238095238096,0.8,9042.0,1,1,Vertebral2C,DEExp,3,TT,0,210247
4,0.08095238095238096,0.8,9014.0,1,1,Vertebral2C,DEExp,3,TT,0,210249
5,0.08095238095238096,0.79,8922.0,1,1,Vertebral2C,DEExp,3,TT,0,210250
3,0.08571428571428572,0.8200000000000001,9201.0,1,1,Vertebral2C,DEExp,3,TT,0,210248
7,0.08571428571428572,0.81,8921.0,1,1,Vertebral2C,DEExp,3,TT,0,210252
0,0.08095238095238096,0.8,9969.0,1,1,Vertebral2C,DEExp,3,TT,0,210245
1,0.08095238095238096,0.81,9944.0,1,1,Vertebral2C,DEExp,3,TT,0,210246
8,0.08571428571428572,0.81,9140.0,1,1,Vertebral2C,DEExp,3,TT,0,210253
6,0.08095238095238096,0.8200000000000001,9424.0,1,1,Vertebral2C,DEExp,3,TT,0,210251
15,0.08571428571428572,0.84,9032.0,1,1,Vertebral2C,DEExp,3,TT,0,210260
11,0.08095238095238096,0.8,9410.0,1,1,Vertebral2C,DEExp,3,TT,0,210256
17,0.08095238095238096,0.81,9052.0,1,1,Vertebral2C,DEExp,3,TT,0,210262
12,0.08095238095238096,0.8,9884.0,1,1,Vertebral2C,DEExp,3,TT,0,210257
10,0.0761904761904762,0.79,10058.0,1,1,Vertebral2C,DEExp,3,TT,0,210255
18,0.0761904761904762,0.81,9464.0,1,1,Vertebral2C,DEExp,3,TT,0,210263
13,0.08095238095238096,0.81,10189.0,1,1,Vertebral2C,DEExp,3,TT,0,210258
14,0.08095238095238096,0.8,10070.0,1,1,Vertebral2C,DEExp,3,TT,0,210259
19,0.07142857142857142,0.79,10190.0,1,1,Vertebral2C,DEExp,3,TT,0,210264
23,0.08095238095238096,0.8,9751.0,1,1,Vertebral2C,DEExp,3,TT,0,210268
9,0.08571428571428572,0.81,11792.0,1,1,Vertebral2C,DEExp,3,TT,0,210254
24,0.08095238095238096,0.78,9811.0,1,1,Vertebral2C,DEExp,3,TT,0,210269
22,0.08095238095238096,0.77,10291.0,1,1,Vertebral2C,DEExp,3,TT,0,210267
28,0.08095238095238096,0.8,8922.0,1,1,Vertebral2C,DEExp,3,TT,0,210273
26,0.08095238095238096,0.81,9872.0,1,1,Vertebral2C,DEExp,3,TT,0,210271
25,0.08095238095238096,0.81,10094.0,1,1,Vertebral2C,DEExp,3,TT,0,210270
29,0.09047619047619047,0.83,8890.0,1,1,Vertebral2C,DEExp,3,TT,0,210274
27,0.08095238095238096,0.8200000000000001,9672.0,1,1,Vertebral2C,DEExp,3,TT,0,210272
30,0.08571428571428572,0.83,9109.0,1,1,Vertebral2C,DEExp,3,TT,0,210275
16,0.0761904761904762,0.81,12608.0,1,1,Vertebral2C,DEExp,3,TT,0,210261
20,0.08095238095238096,0.8200000000000001,12563.0,1,1,Vertebral2C,DEExp,3,TT,0,210265
21,0.0761904761904762,0.84,11980.0,1,1,Vertebral2C,DEExp,3,TT,0,210266
34,0.08571428571428572,0.8200000000000001,9890.0,1,1,Vertebral2C,DEExp,3,TT,0,210279
33,0.08095238095238096,0.83,10081.0,1,1,Vertebral2C,DEExp,3,TT,0,210278
32,0.08095238095238096,0.8200000000000001,11640.0,1,1,Vertebral2C,DEExp,3,TT,0,210277
31,0.08571428571428572,0.8,14940.0,1,1,Vertebral2C,DEExp,3,TT,0,210276
0,0.08095238095238096,0.8,9222.0,1,1,Vertebral2C,DEExp,3,TT,0,211120
2,0.080952380952381,0.8,9125.0,1,1,Vertebral2C,DEExp,3,TT,0,211122
4,0.08095238095238096,0.8,9193.0,1,1,Vertebral2C,DEExp,3,TT,0,211124
6,0.08095238095238096,0.8200000000000001,9246.0,1,1,Vertebral2C,DEExp,3,TT,0,211126
5,0.08095238095238096,0.79,9966.0,1,1,Vertebral2C,DEExp,3,TT,0,211125
7,0.08571428571428574,0.81,9062.0,1,1,Vertebral2C,DEExp,3,TT,0,211127
1,0.08095238095238096,0.81,11456.0,1,1,Vertebral2C,DEExp,3,TT,0,211121
11,0.08095238095238096,0.8,9179.0,1,1,Vertebral2C,DEExp,3,TT,0,211131
3,0.08571428571428572,0.8200000000000001,11549.0,1,1,Vertebral2C,DEExp,3,TT,0,211123
13,0.08095238095238096,0.81,9149.0,1,1,Vertebral2C,DEExp,3,TT,0,211133
15,0.08571428571428574,0.84,9015.0,1,1,Vertebral2C,DEExp,3,TT,0,211135
14,0.08095238095238096,0.8,9146.0,1,1,Vertebral2C,DEExp,3,TT,0,211134
10,0.0761904761904762,0.79,11141.0,1,1,Vertebral2C,DEExp,3,TT,0,211130
12,0.08095238095238096,0.8,11614.0,1,1,Vertebral2C,DEExp,3,TT,0,211132
17,0.08095238095238096,0.81,10299.0,1,1,Vertebral2C,DEExp,3,TT,0,211137
8,0.08571428571428572,0.81,12987.0,1,1,Vertebral2C,DEExp,3,TT,0,211128
9,0.08571428571428572,0.81,13015.0,1,1,Vertebral2C,DEExp,3,TT,0,211129
16,0.0761904761904762,0.81,11312.0,1,1,Vertebral2C,DEExp,3,TT,0,211136
18,0.0761904761904762,0.81,10937.0,1,1,Vertebral2C,DEExp,3,TT,0,211138
19,0.07142857142857142,0.79,11000.0,1,1,Vertebral2C,DEExp,3,TT,0,211139
21,0.0761904761904762,0.84,9288.0,1,1,Vertebral2C,DEExp,3,TT,0,211141
22,0.080952380952381,0.77,9125.0,1,1,Vertebral2C,DEExp,3,TT,0,211142
23,0.08095238095238096,0.8,9277.0,1,1,Vertebral2C,DEExp,3,TT,0,211143
24,0.08095238095238096,0.78,9243.0,1,1,Vertebral2C,DEExp,3,TT,0,211144
26,0.080952380952381,0.81,9062.0,1,1,Vertebral2C,DEExp,3,TT,0,211146
20,0.08095238095238096,0.8200000000000001,11453.0,1,1,Vertebral2C,DEExp,3,TT,0,211140
25,0.08095238095238096,0.81,10026.0,1,1,Vertebral2C,DEExp,3,TT,0,211145
28,0.08095238095238096,0.8,9170.0,1,1,Vertebral2C,DEExp,3,TT,0,211148
30,0.08571428571428572,0.83,9167.0,1,1,Vertebral2C,DEExp,3,TT,0,211150
31,0.08571428571428574,0.8,8953.0,1,1,Vertebral2C,DEExp,3,TT,0,211151
32,0.08095238095238096,0.8200000000000001,9179.0,1,1,Vertebral2C,DEExp,3,TT,0,211152
27,0.08095238095238096,0.8200000000000001,11603.0,1,1,Vertebral2C,DEExp,3,TT,0,211147
29,0.09047619047619047,0.83,11664.0,1,1,Vertebral2C,DEExp,3,TT,0,211149
33,0.08095238095238096,0.83,11156.0,1,1,Vertebral2C,DEExp,3,TT,0,211153
34,0.08571428571428572,0.8200000000000001,11617.0,1,1,Vertebral2C,DEExp,3,TT,0,211154