
0,0.0,0.9714285714285714,7583.0,1,1,Seeds,DEExp,4,TT,0,212520
1,0.0,0.9428571428571428,7506.0,1,1,Seeds,DEExp,4,TT,0,212521
2,0.0,0.9714285714285714,7421.0,1,1,Seeds,DEExp,4,TT,0,212522
3,0.0,0.9714285714285714,7407.0,1,1,Seeds,DEExp,4,TT,0,212523
4,0.0,0.9857142857142858,7407.0,1,1,Seeds,DEExp,4,TT,0,212524
5,0.0,0.9571428571428572,7368.0,1,1,Seeds,DEExp,4,TT,0,212525
6,0.0,0.9428571428571428,7356.0,1,1,Seeds,DEExp,4,TT,0,212526
7,0.0,0.9571428571428572,7460.0,1,1,Seeds,DEExp,4,TT,0,212527
8,0.0,1.0,7415.0,1,1,Seeds,DEExp,4,TT,0,212528
9,0.0,0.9571428571428572,7471.0,1,1,Seeds,DEExp,4,TT,0,212529
10,0.0,0.9714285714285714,7483.0,1,1,Seeds,DEExp,4,TT,0,212530
11,0.0,0.9714285714285714,7397.0,1,1,Seeds,DEExp,4,TT,0,212531
12,0.0,0.9428571428571428,7403.0,1,1,Seeds,DEExp,4,TT,0,212532
13,0.0,0.9428571428571428,7441.0,1,1,Seeds,DEExp,4,TT,0,212533
14,0.0,0.9857142857142858,7291.0,1,1,Seeds,DEExp,4,TT,0,212534
15,0.007142857142857143,0.9714285714285714,7327.0,1,1,Seeds,DEExp,4,TT,0,212535
16,0.0,0.9571428571428572,7418.0,1,1,Seeds,DEExp,4,TT,0,212536
17,0.0,0.9714285714285714,7352.0,1,1,Seeds,DEExp,4,TT,0,212537
18,0.0,0.9714285714285714,7362.0,1,1,Seeds,DEExp,4,TT,0,212538
19,0.0,0.9571428571428572,7404.0,1,1,Seeds,DEExp,4,TT,0,212539
20,0.0,0.9571428571428572,7293.0,1,1,Seeds,DEExp,4,TT,0,212540
21,0.0,0.9571428571428572,7357.0,1,1,Seeds,DEExp,4,TT,0,212541
23,0.0,0.9571428571428572,7294.0,1,1,Seeds,DEExp,4,TT,0,212543
22,0.0,0.9428571428571428,7371.0,1,1,Seeds,DEExp,4,TT,0,212542
24,0.0,0.9571428571428572,7353.0,1,1,Seeds,DEExp,4,TT,0,212544
25,0.0,0.9428571428571428,7345.0,1,1,Seeds,DEExp,4,TT,0,212545
26,0.007142857142857143,0.9714285714285714,7414.0,1,1,Seeds,DEExp,4,TT,0,212546
27,0.0,0.9428571428571428,7340.0,1,1,Seeds,DEExp,4,TT,0,212547
28,0.0,0.9714285714285714,7277.0,1,1,Seeds,DEExp,4,TT,0,212548
29,0.0,0.9571428571428572,7397.0,1,1,Seeds,DEExp,4,TT,0,212549
30,0.0,0.9571428571428572,7295.0,1,1,Seeds,DEExp,4,TT,0,212550
31,0.0,0.9571428571428572,7306.0,1,1,Seeds,DEExp,4,TT,0,212551
32,0.0,0.9714285714285714,7379.0,1,1,Seeds,DEExp,4,TT,0,212552
33,0.0,0.9571428571428572,7303.0,1,1,Seeds,DEExp,4,TT,0,212553
34,0.0,0.9857142857142858,7284.0,1,1,Seeds,DEExp,4,TT,0,212554