
0,0.05357142857142857,0.875,13226.0,1,1,Ecoli,DEExp,6,TT,0,215040
1,0.05803571428571429,0.8482142857142857,13572.0,1,1,Ecoli,DEExp,6,TT,0,215041
2,0.05357142857142857,0.8482142857142857,13452.0,1,1,Ecoli,DEExp,6,TT,0,215042
3,0.05803571428571429,0.8660714285714286,13460.0,1,1,Ecoli,DEExp,6,TT,0,215043
4,0.05803571428571429,0.8660714285714286,13745.0,1,1,Ecoli,DEExp,6,TT,0,215044
5,0.05357142857142857,0.8482142857142857,14035.0,1,1,Ecoli,DEExp,6,TT,0,215045
6,0.05803571428571429,0.8571428571428572,10147.0,1,1,Ecoli,DEExp,6,TT,0,215046
7,0.05803571428571429,0.8660714285714286,10078.0,1,1,Ecoli,DEExp,6,TT,0,215047
8,0.05803571428571429,0.8660714285714286,10268.0,1,1,Ecoli,DEExp,6,TT,0,215048
9,0.05803571428571429,0.8660714285714286,10883.0,1,1,Ecoli,DEExp,6,TT,0,215049
10,0.05803571428571429,0.8660714285714286,11148.0,1,1,Ecoli,DEExp,6,TT,0,215050
11,0.05357142857142857,0.875,11257.0,1,1,Ecoli,DEExp,6,TT,0,215051
12,0.05803571428571429,0.875,11173.0,1,1,Ecoli,DEExp,6,TT,0,215052
13,0.05803571428571429,0.8660714285714286,11168.0,1,1,Ecoli,DEExp,6,TT,0,215053
14,0.05803571428571429,0.8839285714285714,11119.0,1,1,Ecoli,DEExp,6,TT,0,215054
16,0.05803571428571429,0.8839285714285714,11282.0,1,1,Ecoli,DEExp,6,TT,0,215056
20,0.05803571428571429,0.8482142857142857,10173.0,1,1,Ecoli,DEExp,6,TT,0,215060
22,0.0580357142857143,0.875,10203.0,1,1,Ecoli,DEExp,6,TT,0,215062
24,0.0580357142857143,0.8482142857142857,10281.0,1,1,Ecoli,DEExp,6,TT,0,215064
15,0.05803571428571429,0.8839285714285714,13422.0,1,1,Ecoli,DEExp,6,TT,0,215055
17,0.05803571428571429,0.8571428571428572,13370.0,1,1,Ecoli,DEExp,6,TT,0,215057
25,0.05803571428571429,0.8660714285714286,10750.0,1,1,Ecoli,DEExp,6,TT,0,215065
28,0.05803571428571429,0.8571428571428572,9991.0,1,1,Ecoli,DEExp,6,TT,0,215068
26,0.05803571428571429,0.8660714285714286,10224.0,1,1,Ecoli,DEExp,6,TT,0,215066
29,0.05803571428571429,0.8571428571428572,10046.0,1,1,Ecoli,DEExp,6,TT,0,215069
27,0.0580357142857143,0.8928571428571429,10297.0,1,1,Ecoli,DEExp,6,TT,0,215067
18,0.05803571428571429,0.8660714285714286,13377.0,1,1,Ecoli,DEExp,6,TT,0,215058
19,0.05803571428571429,0.8839285714285714,13399.0,1,1,Ecoli,DEExp,6,TT,0,215059
30,0.05803571428571429,0.8571428571428572,10157.0,1,1,Ecoli,DEExp,6,TT,0,215070
27,0.05803571428571429,0.8928571428571429,11848.0,1,1,Ecoli,DEExp,6,TT,0,215067
31,0.05803571428571429,0.8571428571428572,10000.0,1,1,Ecoli,DEExp,6,TT,0,215071
21,0.05803571428571429,0.8571428571428572,13837.0,1,1,Ecoli,DEExp,6,TT,0,215061
32,0.05803571428571429,0.8571428571428572,10254.0,1,1,Ecoli,DEExp,6,TT,0,215072
34,0.0580357142857143,0.8571428571428572,10094.0,1,1,Ecoli,DEExp,6,TT,0,215074
23,0.05803571428571429,0.8660714285714286,14099.0,1,1,Ecoli,DEExp,6,TT,0,215063
33,0.05803571428571429,0.8571428571428572,10265.0,1,1,Ecoli,DEExp,6,TT,0,215073