
0,0.32962588473205257,0.5757575757575757,48442.0,1,1,Yeast,DEExp,6,TT,0,215705
4,0.32962588473205257,0.5737373737373737,43297.0,1,1,Yeast,DEExp,6,TT,0,215709
1,0.33367037411526795,0.5757575757575757,54953.0,1,1,Yeast,DEExp,6,TT,0,215706
3,0.3346814964610718,0.5696969696969697,48394.0,1,1,Yeast,DEExp,6,TT,0,215708
2,0.3356926188068756,0.5797979797979798,55766.0,1,1,Yeast,DEExp,6,TT,0,215707
5,0.3316481294236603,0.5777777777777777,45547.0,1,1,Yeast,DEExp,6,TT,0,215710
6,0.3306370070778564,0.5878787878787879,54172.0,1,1,Yeast,DEExp,6,TT,0,215711
7,0.3316481294236603,0.5737373737373737,55312.0,1,1,Yeast,DEExp,6,TT,0,215712
8,0.3316481294236603,0.5757575757575757,48368.0,1,1,Yeast,DEExp,6,TT,0,215713
9,0.32962588473205257,0.5676767676767677,43344.0,1,1,Yeast,DEExp,6,TT,0,215714
13,0.32861476238624876,0.5858585858585859,45750.0,1,1,Yeast,DEExp,6,TT,0,215718
11,0.3326592517694641,0.591919191919192,48405.0,1,1,Yeast,DEExp,6,TT,0,215716
10,0.3316481294236603,0.5737373737373737,54907.0,1,1,Yeast,DEExp,6,TT,0,215715
12,0.32861476238624876,0.5818181818181818,54844.0,1,1,Yeast,DEExp,6,TT,0,215717
14,0.3316481294236603,0.5797979797979798,55063.0,1,1,Yeast,DEExp,6,TT,0,215719
15,0.3316481294236603,0.5737373737373737,54187.0,1,1,Yeast,DEExp,6,TT,0,215720
17,0.3316481294236603,0.591919191919192,43485.0,1,1,Yeast,DEExp,6,TT,0,215722
16,0.3356926188068756,0.5818181818181818,48391.0,1,1,Yeast,DEExp,6,TT,0,215721
18,0.3276036400404449,0.5636363636363637,45437.0,1,1,Yeast,DEExp,6,TT,0,215723
19,0.3346814964610718,0.5737373737373737,48472.0,1,1,Yeast,DEExp,6,TT,0,215724
20,0.3316481294236603,0.5737373737373737,54281.0,1,1,Yeast,DEExp,6,TT,0,215725
21,0.32861476238624876,0.5777777777777777,55016.0,1,1,Yeast,DEExp,6,TT,0,215726
22,0.33367037411526795,0.5858585858585859,55219.0,1,1,Yeast,DEExp,6,TT,0,215727
24,0.3306370070778564,0.5838383838383838,43313.0,1,1,Yeast,DEExp,6,TT,0,215729
23,0.3346814964610718,0.5676767676767677,55891.0,1,1,Yeast,DEExp,6,TT,0,215728
25,0.3306370070778564,0.5898989898989899,48626.0,1,1,Yeast,DEExp,6,TT,0,215730
26,0.33367037411526795,0.5717171717171717,45422.0,1,1,Yeast,DEExp,6,TT,0,215731
27,0.32659251769464104,0.595959595959596,48368.0,1,1,Yeast,DEExp,6,TT,0,215732
28,0.32861476238624876,0.5757575757575757,55219.0,1,1,Yeast,DEExp,6,TT,0,215733
29,0.3367037411526795,0.5777777777777777,54844.0,1,1,Yeast,DEExp,6,TT,0,215734
31,0.3326592517694641,0.5838383838383838,43844.0,1,1,Yeast,DEExp,6,TT,0,215736
30,0.32861476238624876,0.5737373737373737,54797.0,1,1,Yeast,DEExp,6,TT,0,215735
34,0.3356926188068756,0.5696969696969697,45923.0,1,1,Yeast,DEExp,6,TT,0,215739
32,0.3356926188068756,0.5777777777777777,54859.0,1,1,Yeast,DEExp,6,TT,0,215737
33,0.3346814964610718,0.5878787878787879,48271.0,1,1,Yeast,DEExp,6,TT,0,215738