
2,0.13366336633663367,0.8118811881188119,25684.0,1,1,Hill,NGHS,3,TT,0,178467
13,0.25,0.7128712871287128,24839.0,1,1,Hill,NGHS,3,TT,0,178478
1,0.24752475247524752,0.6881188118811881,26351.0,1,1,Hill,NGHS,3,TT,0,178466
3,0.24257425742574257,0.698019801980198,26289.0,1,1,Hill,NGHS,3,TT,0,178468
10,0.25742574257425743,0.7079207920792079,25417.0,1,1,Hill,NGHS,3,TT,0,178475
12,0.09158415841584155,0.801980198019802,25321.0,1,1,Hill,NGHS,3,TT,0,178477
7,0.13366336633663367,0.8118811881188119,25735.0,1,1,Hill,NGHS,3,TT,0,178472
17,0.2524752475247525,0.6732673267326732,25204.0,1,1,Hill,NGHS,3,TT,0,178482
14,0.25,0.6782178217821782,25515.0,1,1,Hill,NGHS,3,TT,0,178479
25,0.13861386138613863,0.8168316831683169,24859.0,1,1,Hill,NGHS,3,TT,0,178490
16,0.2524752475247525,0.7029702970297029,25567.0,1,1,Hill,NGHS,3,TT,0,178481
3,0.24257425742574257,0.698019801980198,26931.0,1,1,Hill,NGHS,3,TT,0,178468
19,0.22029702970297027,0.7425742574257426,25306.0,1,1,Hill,NGHS,3,TT,0,178484
18,0.1831683168316831,0.7376237623762376,25515.0,1,1,Hill,NGHS,3,TT,0,178483
19,0.22029702970297027,0.7425742574257426,25515.0,1,1,Hill,NGHS,3,TT,0,178484
33,0.25742574257425743,0.6881188118811881,25297.0,1,1,Hill,NGHS,3,TT,0,178498
34,0.25495049504950495,0.7029702970297029,25470.0,1,1,Hill,NGHS,3,TT,0,178499
27,0.150990099009901,0.7623762376237624,26051.0,1,1,Hill,NGHS,3,TT,0,178492
29,0.2599009900990099,0.6831683168316831,26316.0,1,1,Hill,NGHS,3,TT,0,178494
20,0.24752475247524752,0.7178217821782178,27703.0,1,1,Hill,NGHS,3,TT,0,178485
9,0.22029702970297027,0.7376237623762376,28710.0,1,1,Hill,NGHS,3,TT,0,178474
3,0.24257425742574257,0.698019801980198,30374.0,1,1,Hill,NGHS,3,TT,0,178468
8,0.2623762376237624,0.6881188118811881,29585.0,1,1,Hill,NGHS,3,TT,0,178473
4,0.25495049504950495,0.693069306930693,30516.0,1,1,Hill,NGHS,3,TT,0,178469
5,0.16584158415841588,0.7475247524752475,30406.0,1,1,Hill,NGHS,3,TT,0,178470
11,0.2524752475247525,0.7029702970297029,30672.0,1,1,Hill,NGHS,3,TT,0,178476
3,0.24257425742574257,0.698019801980198,33416.0,1,1,Hill,NGHS,3,TT,0,178468
6,0.1534653465346535,0.7970297029702971,33233.0,1,1,Hill,NGHS,3,TT,0,178471
15,0.14603960396039606,0.801980198019802,33837.0,1,1,Hill,NGHS,3,TT,0,178480
22,0.25495049504950495,0.6732673267326732,34219.0,1,1,Hill,NGHS,3,TT,0,178487
31,0.25495049504950495,0.7079207920792079,33781.0,1,1,Hill,NGHS,3,TT,0,178496
31,0.25495049504950495,0.7079207920792079,33843.0,1,1,Hill,NGHS,3,TT,0,178496
28,0.1534653465346535,0.801980198019802,34112.0,1,1,Hill,NGHS,3,TT,0,178493
24,0.25742574257425743,0.7128712871287128,35027.0,1,1,Hill,NGHS,3,TT,0,178489
30,0.09158415841584155,0.8465346534653465,36138.0,1,1,Hill,NGHS,3,TT,0,178495
26,0.19306930693069307,0.7277227722772277,25016.0,1,1,Hill,NGHS,3,TT,0,178491
32,0.21534653465346534,0.693069306930693,27359.0,1,1,Hill,NGHS,3,TT,0,178497
32,0.21534653465346534,0.693069306930693,27893.0,1,1,Hill,NGHS,3,TT,0,178497
21,0.2524752475247525,0.7128712871287128,27766.0,1,1,Hill,NGHS,3,TT,0,178486
23,0.10643564356435643,0.8118811881188119,27463.0,1,1,Hill,NGHS,3,TT,0,178488
0,0.25,0.7178217821782178,30953.0,1,1,Hill,NGHS,3,TT,0,178465