
0,0.080952380952381,0.8200000000000001,9860.0,1,1,Vertebral3C,NGHS,4,TT,0,180285
1,0.080952380952381,0.8200000000000001,9835.0,1,1,Vertebral3C,NGHS,4,TT,0,180286
3,0.07619047619047614,0.8200000000000001,9867.0,1,1,Vertebral3C,NGHS,4,TT,0,180288
9,0.080952380952381,0.83,9375.0,1,1,Vertebral3C,NGHS,4,TT,0,180294
4,0.080952380952381,0.83,10613.0,1,1,Vertebral3C,NGHS,4,TT,0,180289
9,0.080952380952381,0.83,9346.0,1,1,Vertebral3C,NGHS,4,TT,0,180294
2,0.080952380952381,0.81,11907.0,1,1,Vertebral3C,NGHS,4,TT,0,180287
2,0.080952380952381,0.81,13005.0,1,1,Vertebral3C,NGHS,4,TT,0,180287
11,0.080952380952381,0.81,9275.0,1,1,Vertebral3C,NGHS,4,TT,0,180296
10,0.080952380952381,0.81,9797.0,1,1,Vertebral3C,NGHS,4,TT,0,180295
11,0.080952380952381,0.81,9419.0,1,1,Vertebral3C,NGHS,4,TT,0,180296
7,0.080952380952381,0.79,10754.0,1,1,Vertebral3C,NGHS,4,TT,0,180292
13,0.07619047619047614,0.81,9266.0,1,1,Vertebral3C,NGHS,4,TT,0,180298
13,0.07619047619047614,0.81,9840.0,1,1,Vertebral3C,NGHS,4,TT,0,180298
6,0.080952380952381,0.8,12585.0,1,1,Vertebral3C,NGHS,4,TT,0,180291
15,0.07619047619047614,0.77,9782.0,1,1,Vertebral3C,NGHS,4,TT,0,180300
11,0.080952380952381,0.81,11891.0,1,1,Vertebral3C,NGHS,4,TT,0,180296
17,0.08571428571428574,0.83,9455.0,1,1,Vertebral3C,NGHS,4,TT,0,180302
18,0.080952380952381,0.81,9727.0,1,1,Vertebral3C,NGHS,4,TT,0,180303
19,0.080952380952381,0.83,9563.0,1,1,Vertebral3C,NGHS,4,TT,0,180304
22,0.08571428571428574,0.81,9364.0,1,1,Vertebral3C,NGHS,4,TT,0,180307
24,0.080952380952381,0.8200000000000001,9345.0,1,1,Vertebral3C,NGHS,4,TT,0,180309
28,0.07619047619047614,0.8200000000000001,9306.0,1,1,Vertebral3C,NGHS,4,TT,0,180313
23,0.080952380952381,0.83,10167.0,1,1,Vertebral3C,NGHS,4,TT,0,180308
26,0.080952380952381,0.84,9844.0,1,1,Vertebral3C,NGHS,4,TT,0,180311
30,0.080952380952381,0.8,9977.0,1,1,Vertebral3C,NGHS,4,TT,0,180315
29,0.080952380952381,0.81,10378.0,1,1,Vertebral3C,NGHS,4,TT,0,180314
32,0.080952380952381,0.84,9449.0,1,1,Vertebral3C,NGHS,4,TT,0,180317
31,0.07619047619047614,0.83,11797.0,1,1,Vertebral3C,NGHS,4,TT,0,180316
34,0.080952380952381,0.81,9859.0,1,1,Vertebral3C,NGHS,4,TT,0,180319
32,0.080952380952381,0.84,12731.0,1,1,Vertebral3C,NGHS,4,TT,0,180317
16,0.08095238095238096,0.85,8417.0,1,1,Vertebral3C,NGHS,4,TT,0,180301
14,0.08095238095238096,0.81,8522.0,1,1,Vertebral3C,NGHS,4,TT,0,180299
12,0.08095238095238096,0.81,8984.0,1,1,Vertebral3C,NGHS,4,TT,0,180297
5,0.08095238095238096,0.8200000000000001,9597.0,1,1,Vertebral3C,NGHS,4,TT,0,180290
12,0.080952380952381,0.81,9688.0,1,1,Vertebral3C,NGHS,4,TT,0,180297
8,0.08095238095238096,0.79,11281.0,1,1,Vertebral3C,NGHS,4,TT,0,180293
20,0.08095238095238096,0.83,10266.0,1,1,Vertebral3C,NGHS,4,TT,0,180305
21,0.08095238095238096,0.85,8381.0,1,1,Vertebral3C,NGHS,4,TT,0,180306
27,0.08095238095238096,0.83,8428.0,1,1,Vertebral3C,NGHS,4,TT,0,180312
27,0.08095238095238096,0.83,10765.0,1,1,Vertebral3C,NGHS,4,TT,0,180312
33,0.08095238095238096,0.81,12343.0,1,1,Vertebral3C,NGHS,4,TT,0,180318
20,0.08095238095238096,0.83,13420.0,1,1,Vertebral3C,NGHS,4,TT,0,180305
20,0.08095238095238096,0.83,13433.0,1,1,Vertebral3C,NGHS,4,TT,0,180305
25,0.08095238095238096,0.83,11984.0,1,1,Vertebral3C,NGHS,4,TT,0,180310