
0,0.14215686274509798,0.6666666666666667,8877.0,1,1,Haberman,NGHS,5,TT,0,181335
2,0.14215686274509798,0.6666666666666667,8877.0,1,1,Haberman,NGHS,5,TT,0,181337
1,0.14215686274509798,0.6568627450980392,9203.0,1,1,Haberman,NGHS,5,TT,0,181336
7,0.14215686274509798,0.6764705882352942,8781.0,1,1,Haberman,NGHS,5,TT,0,181342
5,0.13725490196078427,0.7156862745098039,9090.0,1,1,Haberman,NGHS,5,TT,0,181340
4,0.14215686274509798,0.6568627450980392,9616.0,1,1,Haberman,NGHS,5,TT,0,181339
3,0.14215686274509798,0.6470588235294117,9821.0,1,1,Haberman,NGHS,5,TT,0,181338
0,0.14215686274509798,0.6666666666666667,10020.0,1,1,Haberman,NGHS,5,TT,0,181335
6,0.14215686274509798,0.6568627450980392,9290.0,1,1,Haberman,NGHS,5,TT,0,181341
1,0.14215686274509798,0.6568627450980392,11265.0,1,1,Haberman,NGHS,5,TT,0,181336
4,0.14215686274509798,0.6568627450980392,11381.0,1,1,Haberman,NGHS,5,TT,0,181339
8,0.14215686274509798,0.6666666666666667,11781.0,1,1,Haberman,NGHS,5,TT,0,181343
9,0.14215686274509798,0.6764705882352942,11828.0,1,1,Haberman,NGHS,5,TT,0,181344
10,0.13235294117647056,0.6568627450980392,11625.0,1,1,Haberman,NGHS,5,TT,0,181345
15,0.14215686274509798,0.6666666666666667,8813.0,1,1,Haberman,NGHS,5,TT,0,181350
16,0.14215686274509798,0.7156862745098039,9062.0,1,1,Haberman,NGHS,5,TT,0,181351
16,0.14215686274509798,0.7156862745098039,8867.0,1,1,Haberman,NGHS,5,TT,0,181351
11,0.13725490196078427,0.6568627450980392,11721.0,1,1,Haberman,NGHS,5,TT,0,181346
21,0.14215686274509798,0.7156862745098039,8878.0,1,1,Haberman,NGHS,5,TT,0,181356
21,0.14215686274509798,0.7156862745098039,8897.0,1,1,Haberman,NGHS,5,TT,0,181356
19,0.14215686274509798,0.7058823529411764,9078.0,1,1,Haberman,NGHS,5,TT,0,181354
20,0.1470588235294118,0.6666666666666667,9047.0,1,1,Haberman,NGHS,5,TT,0,181355
17,0.13725490196078427,0.7156862745098039,9270.0,1,1,Haberman,NGHS,5,TT,0,181352
18,0.14215686274509798,0.696078431372549,9318.0,1,1,Haberman,NGHS,5,TT,0,181353
12,0.14215686274509798,0.6666666666666667,11234.0,1,1,Haberman,NGHS,5,TT,0,181347
21,0.14215686274509798,0.7156862745098039,9219.0,1,1,Haberman,NGHS,5,TT,0,181356
22,0.1470588235294118,0.7058823529411764,8891.0,1,1,Haberman,NGHS,5,TT,0,181357
24,0.14215686274509798,0.6666666666666667,8640.0,1,1,Haberman,NGHS,5,TT,0,181359
24,0.14215686274509798,0.6666666666666667,8750.0,1,1,Haberman,NGHS,5,TT,0,181359
23,0.14215686274509798,0.6764705882352942,8872.0,1,1,Haberman,NGHS,5,TT,0,181358
22,0.1470588235294118,0.7058823529411764,9266.0,1,1,Haberman,NGHS,5,TT,0,181357
14,0.14215686274509798,0.6666666666666667,11531.0,1,1,Haberman,NGHS,5,TT,0,181349
13,0.13725490196078427,0.6666666666666667,11657.0,1,1,Haberman,NGHS,5,TT,0,181348
33,0.14215686274509798,0.6764705882352942,8843.0,1,1,Haberman,NGHS,5,TT,0,181368
25,0.13725490196078427,0.6764705882352942,9373.0,1,1,Haberman,NGHS,5,TT,0,181360
29,0.14215686274509798,0.6764705882352942,9329.0,1,1,Haberman,NGHS,5,TT,0,181364
31,0.14215686274509798,0.6666666666666667,9344.0,1,1,Haberman,NGHS,5,TT,0,181366
32,0.14215686274509798,0.7058823529411764,9352.0,1,1,Haberman,NGHS,5,TT,0,181367
27,0.13235294117647056,0.6764705882352942,11205.0,1,1,Haberman,NGHS,5,TT,0,181362
28,0.14215686274509798,0.6666666666666667,11360.0,1,1,Haberman,NGHS,5,TT,0,181363
30,0.14215686274509798,0.696078431372549,12110.0,1,1,Haberman,NGHS,5,TT,0,181365
33,0.14215686274509798,0.6764705882352942,11911.0,1,1,Haberman,NGHS,5,TT,0,181368
34,0.14215686274509803,0.6666666666666667,7672.0,1,1,Haberman,NGHS,5,TT,0,181369
26,0.14215686274509803,0.6666666666666667,9173.0,1,1,Haberman,NGHS,5,TT,0,181361