
2,0.24257425742574257,0.7079207920792079,25232.0,1,1,Hill,NGHS,5,TT,0,181407
0,0.2698019801980198,0.6831683168316831,25372.0,1,1,Hill,NGHS,5,TT,0,181405
8,0.2623762376237624,0.6831683168316831,25578.0,1,1,Hill,NGHS,5,TT,0,181413
13,0.26485148514851486,0.7079207920792079,25172.0,1,1,Hill,NGHS,5,TT,0,181418
9,0.1856435643564356,0.7920792079207921,25663.0,1,1,Hill,NGHS,5,TT,0,181414
16,0.2599009900990099,0.698019801980198,25261.0,1,1,Hill,NGHS,5,TT,0,181421
14,0.2524752475247525,0.693069306930693,25375.0,1,1,Hill,NGHS,5,TT,0,181419
12,0.22029702970297027,0.6831683168316831,25719.0,1,1,Hill,NGHS,5,TT,0,181417
5,0.25742574257425743,0.7079207920792079,26257.0,1,1,Hill,NGHS,5,TT,0,181410
3,0.2599009900990099,0.7128712871287128,26453.0,1,1,Hill,NGHS,5,TT,0,181408
9,0.1856435643564356,0.7920792079207921,26312.0,1,1,Hill,NGHS,5,TT,0,181414
4,0.24504950495049505,0.6683168316831682,26734.0,1,1,Hill,NGHS,5,TT,0,181409
22,0.2400990099009901,0.7425742574257426,25765.0,1,1,Hill,NGHS,5,TT,0,181427
11,0.26485148514851486,0.693069306930693,26938.0,1,1,Hill,NGHS,5,TT,0,181416
15,0.23019801980198018,0.7277227722772277,27125.0,1,1,Hill,NGHS,5,TT,0,181420
26,0.26732673267326734,0.6782178217821782,25579.0,1,1,Hill,NGHS,5,TT,0,181431
23,0.26485148514851486,0.6831683168316831,26415.0,1,1,Hill,NGHS,5,TT,0,181428
29,0.2623762376237624,0.698019801980198,25562.0,1,1,Hill,NGHS,5,TT,0,181434
4,0.24504950495049505,0.6683168316831682,28157.0,1,1,Hill,NGHS,5,TT,0,181409
28,0.25742574257425743,0.693069306930693,26312.0,1,1,Hill,NGHS,5,TT,0,181433
34,0.26732673267326734,0.6881188118811881,25293.0,1,1,Hill,NGHS,5,TT,0,181439
17,0.24752475247524752,0.7029702970297029,28087.0,1,1,Hill,NGHS,5,TT,0,181422
19,0.2623762376237624,0.7277227722772277,27906.0,1,1,Hill,NGHS,5,TT,0,181424
23,0.26485148514851486,0.6831683168316831,27313.0,1,1,Hill,NGHS,5,TT,0,181428
18,0.25495049504950495,0.7128712871287128,28295.0,1,1,Hill,NGHS,5,TT,0,181423
24,0.26485148514851486,0.7029702970297029,27984.0,1,1,Hill,NGHS,5,TT,0,181429
24,0.26485148514851486,0.7029702970297029,28054.0,1,1,Hill,NGHS,5,TT,0,181429
10,0.2623762376237624,0.6881188118811881,30579.0,1,1,Hill,NGHS,5,TT,0,181415
20,0.25742574257425743,0.7178217821782178,30317.0,1,1,Hill,NGHS,5,TT,0,181425
30,0.2599009900990099,0.6782178217821782,28977.0,1,1,Hill,NGHS,5,TT,0,181435
32,0.2599009900990099,0.7376237623762376,29484.0,1,1,Hill,NGHS,5,TT,0,181437
29,0.2623762376237624,0.698019801980198,30265.0,1,1,Hill,NGHS,5,TT,0,181434
21,0.2698019801980198,0.6633663366336633,33062.0,1,1,Hill,NGHS,5,TT,0,181426
21,0.2698019801980198,0.6633663366336633,34484.0,1,1,Hill,NGHS,5,TT,0,181426
25,0.22524752475247523,0.7227722772277227,39579.0,1,1,Hill,NGHS,5,TT,0,181430
1,0.23267326732673269,0.6881188118811881,23144.0,1,1,Hill,NGHS,5,TT,0,181406
33,0.25495049504950495,0.7178217821782178,21937.0,1,1,Hill,NGHS,5,TT,0,181438
27,0.26485148514851486,0.693069306930693,29757.0,1,1,Hill,NGHS,5,TT,0,181432
6,0.25,0.6683168316831682,28203.0,1,1,Hill,NGHS,5,TT,0,181411
31,0.2623762376237624,0.693069306930693,33755.0,1,1,Hill,NGHS,5,TT,0,181436
7,0.26732673267326734,0.6782178217821782,34279.0,1,1,Hill,NGHS,5,TT,0,181412