
0,1.9151279555532348,2.6901103348130393,11955.0,1,1,AutoMpg,NGHS,8,TT,0,186410
1,1.9237469514055152,2.50923376791465,12239.0,1,1,AutoMpg,NGHS,8,TT,0,186411
2,1.9044827663166335,2.5965122557674203,12346.0,1,1,AutoMpg,NGHS,8,TT,0,186412
3,1.9181728405191534,2.581378332237615,12309.0,1,1,AutoMpg,NGHS,8,TT,0,186413
5,1.9152277339293293,2.5326316716429984,11844.0,1,1,AutoMpg,NGHS,8,TT,0,186415
8,1.9282455877326918,2.585688937521107,11824.0,1,1,AutoMpg,NGHS,8,TT,0,186418
11,1.9492426749487317,2.67197356077707,11832.0,1,1,AutoMpg,NGHS,8,TT,0,186421
5,1.9152277339293293,2.5326316716429984,12937.0,1,1,AutoMpg,NGHS,8,TT,0,186415
12,1.9320179187476263,2.5613494313875225,11796.0,1,1,AutoMpg,NGHS,8,TT,0,186422
12,1.9320179187476263,2.5613494313875225,11929.0,1,1,AutoMpg,NGHS,8,TT,0,186422
14,1.9064267581785543,2.6546331918823487,11896.0,1,1,AutoMpg,NGHS,8,TT,0,186424
13,1.9319512710732472,2.6286717926780687,12297.0,1,1,AutoMpg,NGHS,8,TT,0,186423
8,1.9282455877326918,2.585688937521107,12942.0,1,1,AutoMpg,NGHS,8,TT,0,186418
16,1.8589715968817553,2.6434727305485883,12235.0,1,1,AutoMpg,NGHS,8,TT,0,186426
17,1.9143698433092344,2.588582381918865,12234.0,1,1,AutoMpg,NGHS,8,TT,0,186427
20,1.9397442524809894,2.9360069102353497,11915.0,1,1,AutoMpg,NGHS,8,TT,0,186430
19,1.9113876817221234,2.7984607523363567,13152.0,1,1,AutoMpg,NGHS,8,TT,0,186429
5,1.9152277339293293,2.5326316716429984,15740.0,1,1,AutoMpg,NGHS,8,TT,0,186415
4,1.916018366167431,2.5571147405148276,16899.0,1,1,AutoMpg,NGHS,8,TT,0,186414
7,1.9197691407412203,2.3709655446798563,15812.0,1,1,AutoMpg,NGHS,8,TT,0,186417
8,1.9282455877326918,2.585688937521107,15657.0,1,1,AutoMpg,NGHS,8,TT,0,186418
21,1.9336570753834443,2.7017905681362855,15500.0,1,1,AutoMpg,NGHS,8,TT,0,186431
22,1.9485286894150748,2.521238292019136,13137.0,1,1,AutoMpg,NGHS,8,TT,0,186432
24,1.9418114621089964,2.588158335636745,11938.0,1,1,AutoMpg,NGHS,8,TT,0,186434
26,1.9530237366313248,2.6581916985587557,12311.0,1,1,AutoMpg,NGHS,8,TT,0,186436
18,1.8882673222920217,2.441495427254341,20703.0,1,1,AutoMpg,NGHS,8,TT,0,186428
26,1.9530237366313248,2.6581916985587557,12312.0,1,1,AutoMpg,NGHS,8,TT,0,186436
28,1.939048046593305,2.816798565068975,12354.0,1,1,AutoMpg,NGHS,8,TT,0,186438
31,1.9350054351174923,2.5943553892175175,11893.0,1,1,AutoMpg,NGHS,8,TT,0,186441
32,1.9461000873860252,2.6637655200336616,11840.0,1,1,AutoMpg,NGHS,8,TT,0,186442
29,1.9318476042008066,2.8139663966935706,12914.0,1,1,AutoMpg,NGHS,8,TT,0,186439
32,1.9461000873860252,2.6637655200336616,11853.0,1,1,AutoMpg,NGHS,8,TT,0,186442
34,1.931839097539256,2.657197640787242,11874.0,1,1,AutoMpg,NGHS,8,TT,0,186444
33,1.9116156976864689,2.4274325643104024,12984.0,1,1,AutoMpg,NGHS,8,TT,0,186443
3,1.9181728405191534,2.581378332237615,12204.0,1,1,AutoMpg,NGHS,8,TT,0,190858
6,1.9115808637873415,2.8044698767125373,11629.0,1,1,AutoMpg,NGHS,8,TT,0,190861
7,1.9197691407412203,2.3709655446798563,12206.0,1,1,AutoMpg,NGHS,8,TT,0,190862
4,1.916018366167431,2.5571147405148276,13755.0,1,1,AutoMpg,NGHS,8,TT,0,190859
8,1.9282455877326918,2.585688937521107,12070.0,1,1,AutoMpg,NGHS,8,TT,0,190863
0,1.9151279555532348,2.6901103348130393,14250.0,1,1,AutoMpg,NGHS,8,TT,0,190855
9,1.900242991137505,2.6689018639198134,12204.0,1,1,AutoMpg,NGHS,8,TT,0,190864
5,1.9152277339293293,2.5326316716429984,13772.0,1,1,AutoMpg,NGHS,8,TT,0,190860
14,1.9064267581785543,2.6546331918823487,11938.0,1,1,AutoMpg,NGHS,8,TT,0,190869
2,1.9044827663166335,2.5965122557674203,14906.0,1,1,AutoMpg,NGHS,8,TT,0,190857
10,1.921260502828749,2.692881866545686,12998.0,1,1,AutoMpg,NGHS,8,TT,0,190865
17,1.9143698433092344,2.588582381918865,11997.0,1,1,AutoMpg,NGHS,8,TT,0,190872
16,1.8589715968817553,2.6434727305485883,12875.0,1,1,AutoMpg,NGHS,8,TT,0,190871
15,1.9653527976224339,2.7006918744622377,13615.0,1,1,AutoMpg,NGHS,8,TT,0,190870
1,1.9237469514055152,2.50923376791465,16919.0,1,1,AutoMpg,NGHS,8,TT,0,190856
12,1.9320179187476263,2.5613494313875225,14578.0,1,1,AutoMpg,NGHS,8,TT,0,190867
13,1.9319512710732472,2.6286717926780687,14578.0,1,1,AutoMpg,NGHS,8,TT,0,190868
11,1.9492426749487317,2.67197356077707,15484.0,1,1,AutoMpg,NGHS,8,TT,0,190866
18,1.8882673222920217,2.441495427254341,15328.0,1,1,AutoMpg,NGHS,8,TT,0,190873
19,1.9113876817221234,2.7984607523363567,16805.0,1,1,AutoMpg,NGHS,8,TT,0,190874
23,1.9226025820831043,2.4984565411941655,11594.0,1,1,AutoMpg,NGHS,8,TT,0,190878
21,1.9336570753834443,2.7017905681362855,12132.0,1,1,AutoMpg,NGHS,8,TT,0,190876
24,1.9418114621089964,2.588158335636745,12138.0,1,1,AutoMpg,NGHS,8,TT,0,190879
26,1.9530237366313248,2.6581916985587557,11957.0,1,1,AutoMpg,NGHS,8,TT,0,190881
28,1.939048046593305,2.816798565068975,12196.0,1,1,AutoMpg,NGHS,8,TT,0,190883
30,1.9382129321080503,2.5589847531407113,12011.0,1,1,AutoMpg,NGHS,8,TT,0,190885
20,1.9397442524809894,2.9360069102353497,17763.0,1,1,AutoMpg,NGHS,8,TT,0,190875
33,1.9116156976864689,2.4274325643104024,12038.0,1,1,AutoMpg,NGHS,8,TT,0,190888
25,1.918361994517961,2.495190729636207,13763.0,1,1,AutoMpg,NGHS,8,TT,0,190880
32,1.9461000873860252,2.6637655200336616,12973.0,1,1,AutoMpg,NGHS,8,TT,0,190887
29,1.9318476042008066,2.8139663966935706,13749.0,1,1,AutoMpg,NGHS,8,TT,0,190884
27,1.9001577567523753,2.432009944763214,14234.0,1,1,AutoMpg,NGHS,8,TT,0,190882
34,1.931839097539256,2.657197640787242,12719.0,1,1,AutoMpg,NGHS,8,TT,0,190889
22,1.9485286894150748,2.521238292019136,17266.0,1,1,AutoMpg,NGHS,8,TT,0,190877
31,1.9350054351174923,2.5943553892175175,14844.0,1,1,AutoMpg,NGHS,8,TT,0,190886